0
0
4.43915e-20
3.50719e-15
1.27449e-12
1.61355e-11
5.78713e-11
1.19653e-10
1.87621e-10
2.50533e-10
3.02514e-10
3.42308e-10
3.71603e-10
3.93244e-10
4.09865e-10
4.23266e-10
4.34535e-10
4.44349e-10
4.53139e-10
4.6119e-10
4.6869e-10
4.75768e-10
4.82515e-10
4.88996e-10
4.95256e-10
5.01332e-10
5.0725e-10
5.13031e-10
5.18692e-10
5.24245e-10
5.29702e-10
5.35073e-10
5.40365e-10
5.45585e-10
5.50738e-10
5.5583e-10
5.60866e-10
5.65849e-10
5.70782e-10
5.75669e-10
5.80513e-10
5.85317e-10
5.90082e-10
5.9481e-10
5.99504e-10
6.04166e-10
6.08796e-10
6.13397e-10
6.1797e-10
6.22516e-10
6.27036e-10
6.31531e-10
6.36002e-10
6.40451e-10
6.44878e-10
6.49283e-10
6.53669e-10
6.58034e-10
6.62381e-10
6.66709e-10
6.71019e-10
6.75312e-10
6.79588e-10
6.83848e-10
6.88092e-10
6.9232e-10
6.96533e-10
7.00732e-10
7.04917e-10
7.09087e-10
7.13244e-10
7.17387e-10
7.21518e-10
7.25636e-10
7.29741e-10
7.33834e-10
7.37915e-10
7.41984e-10
7.46042e-10
7.50089e-10
7.54124e-10
7.58149e-10
7.62162e-10
7.66165e-10
7.70158e-10
7.74141e-10
7.78113e-10
7.82076e-10
7.86029e-10
7.89972e-10
7.93906e-10
7.97831e-10
8.01746e-10
8.05652e-10
8.09549e-10
8.13438e-10
8.17318e-10
8.21189e-10
8.25051e-10
8.28905e-10
8.32751e-10
8.36589e-10
8.40418e-10
8.4424e-10
8.48053e-10
8.51859e-10
8.55657e-10
8.59447e-10
8.6323e-10
8.67005e-10
8.70772e-10
8.74533e-10
8.78286e-10
8.82031e-10
8.8577e-10
8.89502e-10
8.93226e-10
8.96944e-10
9.00654e-10
9.04358e-10
9.08055e-10
9.11745e-10
9.15429e-10
9.19106e-10
9.22776e-10
9.2644e-10
9.30098e-10
9.33749e-10
9.37394e-10
9.41033e-10
9.44665e-10
9.48291e-10
9.51911e-10
9.55525e-10
9.59133e-10
9.62735e-10
9.66332e-10
9.69922e-10
9.73506e-10
9.77085e-10
9.80657e-10
9.84224e-10
9.87786e-10
9.91342e-10
9.94892e-10
9.98436e-10
1.00198e-09
1.00551e-09
1.00904e-09
1.01256e-09
1.01608e-09
1.01959e-09
1.0231e-09
1.0266e-09
1.03009e-09
1.03359e-09
1.03707e-09
1.04055e-09
1.04403e-09
1.0475e-09
1.05096e-09
1.05442e-09
1.05788e-09
1.06133e-09
1.06478e-09
1.06822e-09
1.07165e-09
1.07509e-09
1.07851e-09
1.08194e-09
1.08535e-09
1.08876e-09
1.09217e-09
1.09558e-09
1.09897e-09
1.10237e-09
1.10576e-09
1.10914e-09
1.11252e-09
1.1159e-09
1.11927e-09
1.12264e-09
1.126e-09
1.12936e-09
1.13271e-09
1.13606e-09
1.13941e-09
1.14275e-09
1.14609e-09
1.14942e-09
1.15275e-09
1.15607e-09
1.1594e-09
1.16271e-09
1.16602e-09
1.16933e-09
1.17264e-09
1.17594e-09
1.17923e-09
1.18252e-09
1.18581e-09
