0
0
6.47685e-14
4.08733e-06
0.00148893
0.0201113
0.084465
0.207321
0.379338
0.581085
0.7938
1.00429
1.20567
1.39589
1.5755
1.74577
1.90787
2.06279
2.21135
2.35423
2.49201
2.62518
2.75417
2.87934
3.001
3.11945
3.23491
3.34761
3.45773
3.56546
3.67094
3.77431
3.8757
3.97521
4.07296
4.16904
4.26353
4.35652
4.44807
4.53826
4.62714
4.71478
4.80123
4.88653
4.97074
5.0539
5.13606
5.21724
5.29748
5.37682
5.4553
5.53294
5.60976
5.6858
5.76109
5.83563
5.90947
5.98262
6.0551
6.12692
6.19812
6.2687
6.33869
6.40809
6.47693
6.54522
6.61297
6.6802
6.74691
6.81313
6.87886
6.94412
7.00891
7.07324
7.13714
7.20059
7.26362
7.32623
7.38844
7.45024
7.51165
7.57268
7.63333
7.69361
7.75352
7.81308
7.87229
7.93115
7.98967
8.04786
8.10573
8.16327
8.2205
8.27741
8.33402
8.39032
8.44633
8.50205
8.55747
8.61262
8.66748
8.72207
8.77639
8.83044
8.88422
8.93774
8.99101
9.04402
9.09678
9.14929
9.20156
9.25359
9.30538
9.35694
9.40826
9.45936
9.51022
9.56087
9.61129
9.66149
9.71148
9.76126
9.81082
9.86017
9.90932
9.95826
10.007
10.0555
10.1039
10.152
10.2
10.2477
10.2953
10.3427
10.3899
10.4369
10.4837
10.5304
10.5769
10.6232
10.6693
10.7152
10.761
10.8066
10.852
10.8973
10.9424
10.9873
11.0321
11.0767
11.1212
11.1655
11.2096
11.2536
11.2974
11.3411
11.3846
11.428
11.4712
11.5143
11.5572
11.6
11.6427
11.6852
11.7275
11.7697
11.8118
11.8538
11.8956
11.9372
11.9788
12.0202
12.0614
12.1026
12.1436
12.1844
12.2252
12.2658
12.3063
12.3466
12.3869
12.427
12.467
12.5068
12.5466
12.5862
12.6257
12.6651
12.7044
12.7435
12.7826
12.8215
12.8603
12.899
12.9376
12.9761
13.0144
13.0527
13.0908
13.1288
13.1667
