0
0
1.27884e-14
8.07035e-07
0.000293693
0.0038786
0.0158215
0.0381848
0.0678422
0.0987595
0.126047
0.147549
0.163364
0.174766
0.183243
0.189928
0.195477
0.200231
0.204378
0.208039
0.2113
0.214226
0.216871
0.219276
0.221478
0.223504
0.225379
0.227124
0.228756
0.230288
0.231732
0.2331
0.2344
0.235638
0.236822
0.237956
0.239045
0.240093
0.241104
0.24208
0.243024
0.243939
0.244825
0.245686
0.246521
0.247334
0.248124
0.248893
0.249643
0.250373
0.251085
0.251779
0.252456
0.253117
0.253763
0.254393
0.255008
0.25561
0.256197
0.256771
0.257333
0.257882
0.258419
0.258944
0.259458
0.25996
0.260452
0.260934
0.261405
0.261866
0.262318
0.262761
0.263194
0.263619
0.264035
0.264443
0.264842
0.265234
0.265619
0.265995
0.266365
0.266727
0.267083
0.267432
0.267775
0.268111
0.268441
0.268766
0.269084
0.269397
0.269704
0.270006
0.270303
0.270595
0.270882
0.271164
0.271442
0.271715
0.271983
0.272248
0.272508
0.272764
0.273016
0.273265
0.273509
0.27375
0.273988
0.274221
0.274452
0.274679
0.274903
0.275124
0.275342
0.275557
0.275769
0.275979
0.276185
0.276389
0.27659
0.276789
0.276985
0.277179
0.27737
0.277559
0.277746
0.277931
0.278113
0.278293
0.278472
0.278648
0.278822
0.278995
0.279165
0.279334
0.279501
0.279666
0.279829
0.279991
0.280151
0.28031
0.280466
0.280622
0.280776
0.280928
0.281079
0.281229
0.281377
0.281523
0.281669
0.281813
0.281956
0.282097
0.282238
0.282377
0.282515
0.282652
0.282787
0.282922
0.283055
0.283187
0.283319
0.283449
0.283578
0.283706
0.283833
0.283959
0.284085
0.284209
0.284332
0.284455
0.284576
0.284697
0.284817
0.284936
0.285054
0.285171
0.285287
0.285403
0.285518
0.285632
0.285745
0.285858
0.285969
0.28608
0.286191
0.2863
0.286409
0.286517
0.286625
0.286732
0.286838
0.286943
0.287048
0.287152
0.287256
0.287359
0.287461
0.287563
0.287664
0.287764
0.287864
