0
0
2.08799e-14
1.31766e-06
0.000480008
0.00648791
0.0273118
0.0673777
0.124285
0.192452
0.266322
0.341839
0.416725
0.490114
0.561917
0.63229
0.701396
0.769368
0.836323
0.902361
0.96757
1.03203
1.0958
1.15895
1.22154
1.28361
1.34521
1.40637
1.46713
1.52753
1.58759
1.64735
1.70682
1.76602
1.82498
1.88371
1.94224
2.00057
2.05872
2.11671
2.17453
2.23221
2.28976
2.34718
2.40448
2.46167
2.51876
2.57574
2.63264
2.68945
2.74618
2.80283
2.85941
2.91592
2.97236
3.02875
3.08507
3.14134
3.19756
3.25372
3.30984
3.36591
3.42194
3.47792
3.53387
3.58977
3.64564
3.70147
3.75727
3.81303
3.86876
3.92446
3.98013
4.03577
4.09138
4.14696
4.20252
4.25804
4.31355
4.36903
4.42448
4.47991
4.53531
4.5907
4.64605
4.70139
4.75671
4.812
4.86727
4.92253
4.97776
5.03297
5.08816
5.14333
5.19849
5.25362
5.30874
5.36383
5.41891
5.47397
5.52901
5.58404
5.63904
5.69403
5.74901
5.80396
5.8589
5.91382
5.96872
6.02361
6.07848
6.13334
6.18817
6.243
6.2978
6.35259
6.40737
6.46213
6.51687
6.5716
6.62631
6.68101
6.73569
6.79035
6.84501
6.89964
6.95426
7.00887
7.06346
7.11804
7.1726
7.22715
7.28169
7.3362
7.39071
7.4452
7.49968
7.55414
7.60859
7.66302
7.71744
7.77185
7.82624
7.88062
7.93498
7.98933
8.04367
8.09799
8.1523
8.2066
8.26088
8.31515
8.3694
8.42364
8.47787
8.53209
8.58629
8.64048
8.69466
8.74882
8.80297
8.85711
8.91123
8.96534
9.01944
9.07352
9.1276
9.18166
9.2357
9.28974
9.34376
9.39777
9.45176
9.50575
9.55972
9.61367
9.66762
9.72155
9.77548
9.82938
9.88328
9.93716
9.99104
10.0449
10.0987
10.1526
10.2064
10.2602
10.314
10.3678
10.4216
10.4753
10.5291
10.5828
10.6366
10.6903
10.744
10.7977
10.8513
10.905
10.9587
