0
0
1.27884e-14
8.07035e-07
0.000293637
0.0038509
0.0152442
0.0351951
0.0600503
0.0847266
0.105704
0.121763
0.133334
0.141577
0.147667
0.152425
0.156309
0.159566
0.162347
0.164755
0.166868
0.168743
0.170425
0.171948
0.17334
0.174621
0.17581
0.176918
0.177957
0.178936
0.179861
0.18074
0.181576
0.182374
0.183138
0.183869
0.184572
0.185247
0.185897
0.186524
0.187129
0.187713
0.188279
0.188826
0.189356
0.18987
0.190368
0.190852
0.191322
0.191779
0.192223
0.192656
0.193077
0.193488
0.193888
0.194279
0.19466
0.195032
0.195396
0.195751
0.196099
0.196439
0.196771
0.197097
0.197416
0.197729
0.198036
0.198337
0.198632
0.198922
0.199206
0.199485
0.19976
0.200029
0.200295
0.200555
0.200812
0.201064
0.201313
0.201557
0.201798
0.202035
0.202269
0.202499
0.202726
0.20295
0.203171
0.203388
0.203603
0.203815
0.204024
0.204231
0.204434
0.204636
0.204834
0.20503
0.205224
0.205416
0.205605
0.205792
0.205977
0.20616
0.20634
0.206519
0.206696
0.206871
0.207043
0.207214
0.207384
0.207551
0.207717
0.207881
0.208043
0.208204
0.208363
0.20852
0.208676
0.208831
0.208984
0.209135
0.209285
0.209434
0.209582
0.209727
0.209872
0.210015
0.210157
0.210298
0.210438
0.210576
0.210713
0.210849
0.210984
0.211118
0.21125
0.211382
0.211512
0.211642
0.21177
0.211897
0.212023
0.212149
0.212273
0.212396
0.212519
0.21264
0.212761
0.21288
0.212999
0.213117
0.213234
0.21335
0.213465
0.21358
0.213694
0.213806
0.213919
0.21403
0.214141
0.21425
0.214359
0.214468
0.214575
0.214682
0.214789
0.214894
0.214999
0.215103
0.215207
0.21531
0.215412
0.215514
0.215615
0.215715
0.215815
0.215914
0.216013
0.216111
0.216208
0.216305
0.216401
0.216497
0.216593
0.216687
0.216782
0.216875
0.216969
0.217061
0.217153
0.217245
0.217336
0.217427
0.217517
0.217607
0.217697
0.217786
0.217874
0.217962
0.21805
0.218137
0.218224
