0
0
3.60526e-16
2.27516e-08
8.27687e-06
0.000108033
0.000421826
0.000973564
0.00170965
0.00255321
0.00343805
0.00431579
0.00515704
0.00594664
0.00667917
0.00735368
0.0079718
0.00853616
0.00905024
0.00951757
0.00994187
0.0103265
0.0106749
0.01099
0.0112747
0.0115316
0.011763
0.0119711
0.012158
0.0123253
0.0124749
0.0126082
0.0127267
0.0128316
0.012924
0.0130051
0.0130759
0.0131372
0.0131898
0.0132346
0.0132723
0.0133034
0.0133286
0.0133483
0.0133632
0.0133736
0.0133801
0.0133828
0.0133823
0.0133788
0.0133727
0.0133642
0.0133535
0.0133409
0.0133267
0.0133109
0.0132938
0.0132756
0.0132563
0.0132362
0.0132153
0.0131938
0.0131717
0.0131492
0.0131264
0.0131033
0.01308
0.0130565
0.013033
0.0130094
0.0129859
0.0129624
0.012939
0.0129158
0.0128927
0.0128699
0.0128472
0.0128248
0.0128027
0.0127809
0.0127593
0.0127381
0.0127171
0.0126966
0.0126763
0.0126564
0.0126368
0.0126176
0.0125988
0.0125803
0.0125622
0.0125444
0.012527
0.01251
0.0124933
0.012477
0.012461
0.0124454
0.0124301
0.0124152
0.0124006
0.0123863
0.0123724
0.0123588
0.0123455
0.0123326
0.0123199
0.0123076
0.0122956
0.0122839
0.0122724
0.0122613
0.0122504
0.0122399
0.0122296
0.0122195
0.0122098
0.0122002
0.012191
0.012182
0.0121732
0.0121647
0.0121564
0.0121483
0.0121405
0.0121329
0.0121255
0.0121183
0.0121113
0.0121045
0.0120979
0.0120915
0.0120853
0.0120793
0.0120735
0.0120678
0.0120623
0.012057
0.0120519
0.0120469
0.0120421
0.0120374
0.0120329
0.0120286
0.0120244
0.0120203
0.0120164
0.0120126
0.0120089
0.0120054
0.012002
0.0119988
0.0119956
0.0119926
0.0119897
0.0119869
0.0119843
0.0119817
0.0119793
0.0119769
0.0119747
0.0119725
0.0119705
0.0119686
0.0119668
0.011965
0.0119634
0.0119618
0.0119603
0.011959
0.0119577
0.0119564
0.0119553
0.0119543
0.0119533
0.0119524
0.0119516
0.0119509
0.0119502
0.0119496
0.0119491
0.0119486
0.0119482
0.0119479
0.0119476
0.0119474
0.0119473
0.0119472
0.0119472
0.0119473
0.0119474
0.0119476
0.0119478
0.0119481
0.0119484
0.0119488
0.0119492
0.0119497
0.0119502
0.0119508
0.0119515
