0
0
2.05777e-14
1.29859e-06
0.000473006
0.00637416
0.0266372
0.0650851
0.118761
0.181777
0.248513
0.314998
0.379087
0.440035
0.497855
0.552777
0.605025
0.654791
0.702241
0.747524
0.790774
0.832112
0.871653
0.909498
0.945743
0.980476
1.01378
1.04573
1.07641
1.10587
1.13418
1.1614
1.18759
1.21279
1.23706
1.26045
1.28299
1.30474
1.32572
1.34598
1.36555
1.38446
1.40276
1.42046
1.43759
1.45419
1.47027
1.48587
1.501
1.51569
1.52995
1.54382
1.5573
1.57041
1.58318
1.59561
1.60773
1.61954
1.63106
1.64231
1.6533
1.66403
1.67452
1.68479
1.69484
1.70468
1.71432
1.72377
1.73304
1.74214
1.75107
1.75984
1.76846
1.77694
1.78528
1.79349
1.80157
1.80953
1.81738
1.82511
1.83274
1.84027
1.84771
1.85505
1.8623
1.86947
1.87656
1.88357
1.89051
1.89738
1.90418
1.91092
1.91759
1.9242
1.93076
1.93727
1.94372
1.95012
1.95647
1.96278
1.96905
1.97527
1.98145
1.9876
1.9937
1.99978
2.00582
2.01182
2.0178
2.02374
2.02966
2.03555
2.04141
2.04725
2.05306
2.05885
2.06462
2.07037
2.0761
2.08181
2.08749
2.09316
2.09882
2.10445
2.11007
2.11568
2.12127
2.12685
2.13241
2.13796
2.1435
2.14902
2.15454
2.16004
2.16553
2.17102
2.17649
2.18195
2.18741
2.19285
2.19829
2.20372
2.20914
2.21455
2.21996
2.22536
2.23075
2.23614
2.24152
2.2469
2.25227
2.25763
2.26299
2.26835
2.2737
2.27904
2.28438
2.28972
2.29505
2.30038
2.3057
2.31103
2.31634
2.32166
2.32697
2.33228
2.33758
2.34288
2.34818
2.35348
2.35877
2.36407
2.36936
2.37464
2.37993
2.38521
2.39049
2.39577
2.40105
2.40632
2.4116
2.41687
2.42214
2.42741
2.43268
2.43794
2.44321
2.44847
2.45373
2.459
2.46426
2.46952
2.47477
2.48003
2.48529
2.49054
2.4958
2.50105
2.5063
2.51156
2.51681
