0
0
3.19826e-15
2.01832e-07
7.34985e-05
0.000984425
0.00405746
0.00974579
0.017455
0.0262064
0.035133
0.0436663
0.0515392
0.0587056
0.0652317
0.07121
0.0767211
0.081829
0.0865852
0.0910313
0.0952019
0.0991259
0.102828
0.106328
0.109646
0.112796
0.115793
0.118649
0.121374
0.123978
0.126471
0.128859
0.13115
0.13335
0.135466
0.137503
0.139466
0.141358
0.143186
0.144951
0.146659
0.148312
0.149914
0.151467
0.152974
0.154437
0.15586
0.157244
0.158591
0.159902
0.161181
0.162428
0.163646
0.164834
0.165996
0.167132
0.168244
0.169332
0.170398
0.171443
0.172468
0.173473
0.174459
0.175428
0.176381
0.177317
0.178237
0.179143
0.180034
0.180912
0.181777
0.182629
0.18347
0.184298
0.185116
0.185923
0.18672
0.187507
0.188284
0.189052
0.189812
0.190563
0.191306
0.192041
0.192768
0.193488
0.194201
0.194907
0.195607
0.1963
0.196986
0.197667
0.198342
0.199012
0.199676
0.200335
0.200988
0.201637
0.202281
0.20292
0.203555
0.204185
0.204811
0.205433
0.206051
0.206665
0.207275
0.207881
0.208484
0.209083
0.209679
0.210271
0.21086
0.211446
0.212029
0.212608
0.213185
0.213759
0.21433
0.214898
0.215464
0.216027
0.216587
0.217145
0.2177
0.218253
0.218803
0.219351
0.219897
0.22044
0.220981
0.221521
0.222058
0.222592
0.223125
0.223656
0.224185
0.224712
0.225237
0.22576
0.226281
0.2268
0.227318
0.227833
0.228347
0.22886
0.22937
0.229879
0.230387
0.230892
0.231396
0.231899
0.2324
0.232899
0.233397
0.233894
0.234389
0.234882
0.235374
0.235865
0.236354
0.236842
0.237328
0.237813
0.238297
0.238779
0.23926
0.23974
0.240218
0.240696
0.241172
0.241646
0.24212
0.242592
0.243063
0.243533
0.244001
0.244469
0.244935
0.2454
0.245864
0.246327
0.246789
0.247249
0.247709
0.248167
0.248625
0.249081
0.249536
0.24999
0.250443
0.250895
0.251346
0.251796
0.252245
0.252693
0.253139
0.253585
0.25403
0.254474
0.254917
