0
0
1.14055e-14
7.19761e-07
0.000261924
0.00344453
0.0135979
0.0312399
0.053891
0.0785305
0.102957
0.126035
0.147464
0.167406
0.186157
0.203958
0.22096
0.237258
0.25292
0.268
0.282541
0.296579
0.310148
0.323278
0.335994
0.348323
0.360285
0.371902
0.383192
0.394174
0.404864
0.415276
0.425425
0.435324
0.444985
0.454419
0.463637
0.472649
0.481464
0.49009
0.498537
0.50681
0.514918
0.522868
0.530665
0.538315
0.545825
0.553199
0.560442
0.567559
0.574556
0.581435
0.5882
0.594857
0.601408
0.607857
0.614206
0.62046
0.626621
0.632692
0.638675
0.644574
0.65039
0.656126
0.661784
0.667367
0.672876
0.678314
0.683682
0.688982
0.694216
0.699386
0.704492
0.709538
0.714523
0.719451
0.724321
0.729136
0.733896
0.738603
0.743259
0.747863
0.752419
0.756925
0.761384
0.765797
0.770165
0.774487
0.778767
0.783004
0.787199
0.791353
0.795466
0.799541
0.803577
0.807576
0.811537
0.815462
0.819351
0.823206
0.827026
0.830813
0.834566
0.838287
0.841976
0.845634
0.849262
0.852859
0.856427
0.859965
0.863475
0.866957
0.870412
0.873839
0.87724
0.880614
0.883963
0.887286
0.890585
0.893859
0.897109
0.900336
0.903539
0.906719
0.909876
0.913012
0.916126
0.919218
0.922289
0.925339
0.928369
0.931378
0.934368
0.937338
0.940289
0.943221
0.946135
0.949029
0.951906
0.954765
0.957607
0.960431
0.963238
0.966028
0.968802
0.971559
0.974301
0.977026
0.979736
0.98243
0.985109
0.987773
0.990423
0.993058
0.995678
0.998284
1.00088
1.00346
1.00602
1.00857
1.01111
1.01364
1.01615
1.01865
1.02113
1.02361
1.02607
1.02852
1.03096
1.03339
1.0358
1.03821
1.0406
1.04298
1.04535
1.04771
1.05006
1.0524
1.05472
1.05704
1.05935
1.06164
1.06393
1.06621
1.06847
1.07073
1.07298
1.07522
1.07745
1.07967
1.08188
1.08408
1.08627
1.08846
1.09063
1.0928
1.09496
1.09711
1.09925
1.10138
1.10351
