0
0
2.22765e-14
1.40579e-06
0.000512214
0.00695787
0.0296391
0.0741767
0.138875
0.218217
0.306295
0.398558
0.492262
0.586174
0.679953
0.77357
0.867044
0.960392
1.05362
1.14675
1.23978
1.33272
1.42557
1.51834
1.61103
1.70365
1.7962
1.88868
1.98109
2.07345
2.16574
2.25797
2.35015
2.44227
2.53434
2.62636
2.71833
2.81025
2.90212
2.99394
3.08572
3.17745
3.26914
3.36078
3.45238
3.54394
3.63546
3.72694
3.81838
3.90977
4.00113
4.09246
4.18374
4.27499
4.36619
4.45737
4.5485
4.6396
4.73067
4.8217
4.9127
5.00366
5.09458
5.18548
5.27634
5.36716
5.45796
5.54872
5.63945
5.73014
5.82081
5.91144
6.00204
6.09261
6.18315
6.27365
6.36413
6.45457
6.54499
6.63537
6.72573
6.81605
6.90635
6.99661
7.08685
7.17705
7.26723
7.35737
7.44749
7.53758
7.62764
7.71767
7.80768
7.89765
7.9876
8.07751
8.1674
8.25726
8.3471
8.4369
8.52668
8.61643
8.70615
8.79585
8.88552
8.97516
9.06477
9.15436
9.24392
9.33345
9.42295
9.51243
9.60188
9.69131
9.78071
9.87008
9.95942
10.0487
10.138
10.2273
10.3165
10.4058
10.4949
10.5841
10.6732
10.7624
10.8514
10.9405
11.0295
11.1185
11.2075
11.2965
11.3854
11.4743
11.5632
11.6521
11.7409
11.8297
11.9185
12.0072
12.096
12.1847
12.2733
12.362
12.4506
12.5392
12.6278
12.7164
12.8049
12.8934
12.9819
13.0703
13.1588
13.2472
13.3356
13.4239
13.5123
13.6006
13.6889
13.7771
13.8654
13.9536
14.0418
14.13
14.2181
14.3062
14.3943
14.4824
14.5704
14.6585
14.7465
14.8344
14.9224
15.0103
15.0982
15.1861
15.274
15.3618
15.4496
15.5374
15.6252
15.7129
15.8006
15.8883
15.976
16.0637
16.1513
16.2389
16.3265
16.414
16.5016
16.5891
16.6766
16.764
16.8515
16.9389
17.0263
17.1137
17.201
17.2883
17.3756
