0
0
1.27267e-14
8.03139e-07
0.000292219
0.00383242
0.0151702
0.0350201
0.0597478
0.0843041
0.105196
0.121212
0.132775
0.141031
0.147142
0.15192
0.155819
0.159085
0.161872
0.164282
0.166394
0.168267
0.169945
0.171464
0.172851
0.174128
0.175311
0.176414
0.177449
0.178424
0.179346
0.180221
0.181054
0.18185
0.182611
0.183341
0.184042
0.184717
0.185367
0.185993
0.186599
0.187184
0.18775
0.188298
0.188829
0.189344
0.189845
0.190331
0.190803
0.191262
0.191709
0.192145
0.192569
0.192982
0.193386
0.193779
0.194163
0.194539
0.194906
0.195265
0.195616
0.195959
0.196295
0.196625
0.196948
0.197264
0.197574
0.197879
0.198177
0.198471
0.198759
0.199042
0.199319
0.199593
0.199861
0.200125
0.200385
0.200641
0.200893
0.201141
0.201385
0.201625
0.201862
0.202095
0.202325
0.202552
0.202776
0.202996
0.203214
0.203429
0.20364
0.203849
0.204056
0.204259
0.204461
0.204659
0.204856
0.205049
0.205241
0.20543
0.205617
0.205802
0.205985
0.206165
0.206344
0.206521
0.206695
0.206868
0.207039
0.207208
0.207376
0.207541
0.207705
0.207867
0.208028
0.208187
0.208344
0.2085
0.208654
0.208807
0.208958
0.209108
0.209256
0.209403
0.209549
0.209693
0.209836
0.209978
0.210119
0.210258
0.210396
0.210532
0.210668
0.210802
0.210936
0.211068
0.211199
0.211329
0.211458
0.211585
0.211712
0.211838
0.211963
0.212086
0.212209
0.212331
0.212452
0.212572
0.212691
0.212809
0.212926
0.213042
0.213158
0.213273
0.213387
0.2135
0.213612
0.213723
0.213834
0.213944
0.214053
0.214161
0.214269
0.214376
0.214482
0.214588
0.214693
0.214797
0.2149
0.215003
0.215105
0.215207
0.215308
0.215408
0.215508
0.215607
0.215705
0.215803
0.2159
0.215997
0.216093
0.216189
0.216284
0.216379
0.216473
0.216566
0.216659
0.216752
0.216844
0.216935
0.217026
0.217117
0.217207
0.217296
0.217385
0.217474
0.217562
0.21765
0.217737
0.217824
0.217911
