0
0
2.73139e-15
1.72369e-07
6.27909e-05
0.00084856
0.00357191
0.00878256
0.0160683
0.0245653
0.0334316
0.0420661
0.0501472
0.0575765
0.0643843
0.0706451
0.0764335
0.0818127
0.0868345
0.0915411
0.0959676
0.100143
0.104092
0.107835
0.111391
0.114775
0.118001
0.121081
0.124025
0.126844
0.129544
0.132136
0.134624
0.137017
0.139319
0.141536
0.143673
0.145735
0.147726
0.149649
0.151509
0.153308
0.155051
0.15674
0.158377
0.159966
0.161509
0.163008
0.164465
0.165883
0.167263
0.168607
0.169916
0.171193
0.172439
0.173655
0.174843
0.176004
0.177139
0.178249
0.179335
0.180398
0.18144
0.182461
0.183462
0.184444
0.185408
0.186354
0.187283
0.188196
0.189094
0.189976
0.190844
0.191698
0.192539
0.193367
0.194183
0.194987
0.195779
0.19656
0.197331
0.198092
0.198842
0.199583
0.200315
0.201038
0.201752
0.202458
0.203156
0.203846
0.204529
0.205204
0.205872
0.206534
0.207189
0.207837
0.208479
0.209116
0.209746
0.210371
0.21099
0.211604
0.212213
0.212817
0.213416
0.214011
0.2146
0.215186
0.215767
0.216343
0.216916
0.217485
0.21805
0.218611
0.219168
0.219722
0.220272
0.220819
0.221362
0.221903
0.22244
0.222974
0.223505
0.224033
0.224558
0.225081
0.225601
0.226118
0.226632
0.227144
0.227653
0.22816
0.228665
0.229167
0.229667
0.230165
0.230661
0.231154
0.231645
0.232135
0.232622
0.233107
0.233591
0.234072
0.234552
0.235029
0.235505
0.235979
0.236452
0.236923
0.237392
0.237859
0.238325
0.238789
0.239252
0.239713
0.240172
0.24063
0.241087
0.241542
0.241996
0.242448
0.242899
0.243349
0.243797
0.244244
0.24469
0.245134
0.245577
0.246019
0.246459
0.246899
0.247337
0.247774
0.24821
0.248645
0.249078
0.249511
0.249942
0.250372
0.250801
0.251229
0.251656
0.252082
0.252507
0.252931
0.253354
0.253776
0.254196
0.254616
0.255035
0.255453
0.25587
0.256286
0.256701
0.257115
0.257528
0.257941
0.258352
0.258763
0.259172
