0
0
2.10135e-14
1.32609e-06
0.000483096
0.00653542
0.0275705
0.0681993
0.126166
0.195945
0.271962
0.35011
0.428054
0.504876
0.580453
0.654914
0.728397
0.80102
0.872879
0.944057
1.01463
1.08465
1.15419
1.22328
1.29197
1.3603
1.42829
1.49599
1.56342
1.6306
1.69754
1.76428
1.83082
1.89719
1.96339
2.02944
2.09535
2.16113
2.22679
2.29234
2.35778
2.42312
2.48837
2.55354
2.61862
2.68363
2.74856
2.81343
2.87823
2.94297
3.00766
3.07228
3.13686
3.20138
3.26586
3.33029
3.39467
3.45902
3.52332
3.58758
3.6518
3.71599
3.78014
3.84425
3.90833
3.97238
4.0364
4.10038
4.16433
4.22826
4.29215
4.35602
4.41986
4.48367
4.54745
4.61121
4.67494
4.73864
4.80232
4.86597
4.9296
4.99321
5.05679
5.12035
5.18388
5.2474
5.31088
5.37435
5.4378
5.50122
5.56462
5.628
5.69135
5.75469
5.818
5.8813
5.94457
6.00782
6.07105
6.13427
6.19746
6.26063
6.32378
6.38691
6.45003
6.51312
6.57619
6.63925
6.70228
6.7653
6.8283
6.89128
6.95424
7.01718
7.0801
7.14301
7.20589
7.26876
7.33161
7.39444
7.45726
7.52006
7.58284
7.6456
7.70834
7.77107
7.83378
7.89647
7.95914
8.0218
8.08444
8.14706
8.20967
8.27226
8.33483
8.39739
8.45993
8.52245
8.58495
8.64744
8.70992
8.77237
8.83481
8.89724
8.95964
9.02203
9.08441
9.14677
9.20911
9.27144
9.33375
9.39605
9.45833
9.52059
9.58284
9.64507
9.70729
9.76949
9.83167
9.89385
9.956
10.0181
10.0803
10.1424
10.2045
10.2665
10.3286
10.3907
10.4527
10.5147
10.5767
10.6387
10.7007
10.7626
10.8246
10.8865
10.9484
11.0103
11.0722
11.1341
11.1959
11.2578
11.3196
11.3814
11.4432
11.505
11.5668
11.6285
11.6903
11.752
11.8137
11.8754
11.9371
11.9988
12.0604
12.1221
12.1837
12.2453
12.3069
12.3685
12.4301
