0
0
2.28554e-14
1.44233e-06
0.000525543
0.00714455
0.0304902
0.0764719
0.14348
0.225908
0.317676
0.414055
0.512159
0.610663
0.709171
0.807622
0.906015
1.00435
1.10263
1.20085
1.29902
1.39714
1.4952
1.59321
1.69117
1.78907
1.88693
1.98473
2.08249
2.1802
2.27785
2.37546
2.47302
2.57054
2.66801
2.76543
2.8628
2.96013
3.05741
3.15465
3.25184
3.34899
3.4461
3.54316
3.64017
3.73714
3.83407
3.93096
4.0278
4.12461
4.22137
4.31808
4.41476
4.51139
4.60799
4.70454
4.80105
4.89752
4.99395
5.09035
5.1867
5.28301
5.37928
5.47551
5.5717
5.66786
5.76397
5.86005
5.95609
6.05209
6.14805
6.24398
6.33986
6.43571
6.53152
6.6273
6.72303
6.81873
6.9144
7.01002
7.10561
7.20117
7.29668
7.39217
7.48761
7.58302
7.67839
7.77373
7.86904
7.9643
8.05953
8.15473
8.24989
8.34502
8.44011
8.53517
8.6302
8.72518
8.82014
8.91506
9.00995
9.1048
9.19962
9.2944
9.38916
9.48387
9.57856
9.67321
9.76783
9.86241
9.95697
10.0515
10.146
10.2404
10.3348
10.4292
10.5236
10.6179
10.7122
10.8065
10.9007
10.9949
11.0891
11.1832
11.2773
11.3714
11.4654
11.5594
11.6534
11.7473
11.8412
11.9351
12.029
12.1228
12.2166
12.3103
12.4041
12.4978
12.5914
12.6851
12.7787
12.8722
12.9658
13.0593
13.1528
13.2462
13.3396
13.433
13.5264
13.6197
13.713
13.8063
13.8996
13.9928
14.086
14.1791
14.2722
14.3653
14.4584
14.5514
14.6445
14.7374
14.8304
14.9233
15.0162
15.1091
15.2019
15.2947
15.3875
15.4802
15.573
15.6657
15.7583
15.851
15.9436
16.0362
16.1287
16.2212
16.3137
16.4062
16.4986
16.591
16.6834
16.7758
16.8681
16.9604
17.0527
17.1449
17.2372
17.3293
17.4215
17.5136
17.6058
17.6978
17.7899
17.8819
17.9739
18.0659
18.1578
18.2498
18.3416
