0
0
1.27884e-14
8.07035e-07
0.000293744
0.00390602
0.0164559
0.04173
0.0776888
0.11762
0.155124
0.186656
0.211471
0.230547
0.24547
0.257632
0.267944
0.276917
0.284849
0.291933
0.298301
0.304054
0.309271
0.314017
0.318347
0.322304
0.32593
0.329257
0.332316
0.335133
0.337731
0.340131
0.34235
0.344405
0.346311
0.34808
0.349725
0.351255
0.352682
0.354012
0.355254
0.356416
0.357503
0.358522
0.359478
0.360376
0.361221
0.362017
0.362767
0.363475
0.364144
0.364778
0.365379
0.36595
0.366492
0.367008
0.367501
0.367971
0.368421
0.368851
0.369265
0.369662
0.370045
0.370413
0.37077
0.371114
0.371448
0.371772
0.372086
0.372393
0.372691
0.372983
0.373268
0.373547
0.37382
0.374089
0.374353
0.374612
0.374868
0.375121
0.37537
0.375616
0.375859
0.3761
0.376339
0.376576
0.37681
0.377044
0.377275
0.377506
0.377735
0.377963
0.37819
0.378416
0.378641
0.378866
0.37909
0.379313
0.379536
0.379758
0.37998
0.380202
0.380423
0.380644
0.380864
0.381085
0.381305
0.381525
0.381744
0.381963
0.382183
0.382402
0.38262
0.382839
0.383057
0.383276
0.383494
0.383712
0.383929
0.384147
0.384364
0.384581
0.384798
0.385014
0.385231
0.385447
0.385663
0.385878
0.386093
0.386308
0.386523
0.386737
0.386951
0.387165
0.387378
0.387591
0.387803
0.388015
0.388227
0.388438
0.388649
0.388859
0.389069
0.389278
0.389487
0.389696
0.389903
0.390111
0.390318
0.390524
0.39073
0.390935
0.391139
0.391343
0.391547
0.39175
0.391952
0.392153
0.392354
0.392555
0.392754
0.392953
0.393152
0.393349
0.393546
0.393743
0.393939
0.394134
0.394328
0.394521
0.394714
0.394907
0.395098
0.395289
0.395479
0.395668
0.395857
0.396045
0.396232
0.396418
0.396604
0.396789
0.396973
0.397156
0.397339
0.397521
0.397702
0.397882
0.398062
0.398241
0.398419
0.398596
0.398773
0.398948
0.399123
0.399298
0.399471
0.399644
0.399816
0.399987
0.400157
