0
0
1.27884e-14
8.07035e-07
0.000293606
0.00383697
0.0149887
0.0339765
0.056988
0.079326
0.097989
0.112058
0.122046
0.129052
0.134137
0.138047
0.141158
0.143763
0.145888
0.14784
0.149322
0.151032
0.151872
0.153877
0.153531
0.157159
0.153684
0.163253
0.151349
0.183319
0.160353
0.278172
0.33003
0.69379
1.1321
2.22616
4.01554
7.63807
14.1877
26.7803
50.2796
94.9384
179.208
339.186
642.595
1219.52
2317.19
4408.83
8398.32
16016.5
30577.8
58437.4
111788
214043
410190
786734
1.51013e+06
2.90084e+06
5.57628e+06
1.07265e+07
2.06469e+07
3.97667e+07
7.66371e+07
1.47776e+08
2.85102e+08
5.50328e+08
1.06281e+09
2.0535e+09
3.96944e+09
7.67629e+09
1.4851e+10
2.87429e+10
5.5651e+10
1.07789e+11
2.08849e+11
4.04796e+11
7.84845e+11
1.52219e+12
2.95316e+12
5.73104e+12
1.11251e+13
2.1602e+13
4.19565e+13
8.15113e+13
1.58396e+14
3.07877e+14
5.98566e+14
1.16398e+15
2.264e+15
4.40454e+15
8.57069e+15
1.66809e+16
3.24721e+16
6.32244e+16
1.23124e+17
2.39816e+17
4.67189e+17
9.10298e+17
1.77398e+18
3.4577e+18
6.74058e+18
1.31425e+19
2.56286e+19
4.9985e+19
9.75033e+19
1.90223e+20
3.71169e+20
7.24337e+20
1.41374e+21
2.75969e+21
5.38775e+21
1.05199e+22
2.05435e+22
4.01229e+22
7.83726e+22
1.53105e+23
2.99136e+23
5.84521e+23
1.14231e+24
2.23262e+24
4.36413e+24
8.53157e+24
1.66805e+25
3.26164e+25
6.37839e+25
1.24748e+26
2.44005e+26
4.77321e+26
9.33827e+26
1.82712e+27
3.57528e+27
6.99675e+27
1.36938e+28
2.68037e+28
5.24695e+28
1.02721e+29
2.01118e+29
3.93807e+29
7.71178e+29
1.51031e+30
2.9581e+30
5.79428e+30
1.13507e+31
2.22374e+31
4.35693e+31
8.53717e+31
1.67295e+32
3.27859e+32
6.42579e+32
1.25951e+33
2.46892e+33
4.84004e+33
9.48907e+33
1.86051e+34
3.64814e+34
7.15392e+34
1.40297e+35
2.75159e+35
5.39698e+35
1.05864e+36
2.07671e+36
4.07413e+36
7.99323e+36
1.56834e+37
3.07742e+37
6.03895e+37
1.18513e+38
2.32593e+38
4.56516e+38
8.96071e+38
1.75896e+39
3.45301e+39
6.77899e+39
1.33094e+40
2.61323e+40
5.13125e+40
1.00761e+41
1.97874e+41
3.88607e+41
7.63229e+41
1.49908e+42
2.94454e+42
5.78408e+42
1.13625e+43
2.23222e+43
4.38554e+43
8.61651e+43
1.69302e+44
3.32671e+44
6.53717e+44
1.28465e+45
2.52466e+45
4.96183e+45
9.75217e+45
1.91682e+46
3.76774e+46
7.40629e+46
1.45593e+47
2.8622e+47
5.62702e+47
1.10631e+48
