0
0
2.11303e-14
1.33346e-06
0.000485793
0.0065761
0.0277848
0.0688602
0.127646
0.198644
0.276258
0.356334
0.43649
0.51577
0.594024
0.671358
0.747897
0.823741
0.898975
0.97367
1.04789
1.12168
1.19509
1.26815
1.34091
1.4134
1.48563
1.55763
1.62943
1.70104
1.77247
1.84375
1.91488
1.98587
2.05674
2.1275
2.19814
2.26869
2.33915
2.40951
2.4798
2.55001
2.62014
2.69021
2.76021
2.83015
2.90004
2.96986
3.03964
3.10936
3.17903
3.24866
3.31824
3.38778
3.45727
3.52673
3.59614
3.66552
3.73486
3.80416
3.87343
3.94266
4.01186
4.08103
4.15016
4.21927
4.28834
4.35738
4.42639
4.49537
4.56433
4.63325
4.70215
4.77102
4.83986
4.90868
4.97747
5.04623
5.11497
5.18368
5.25237
5.32103
5.38966
5.45828
5.52686
5.59543
5.66397
5.73248
5.80098
5.86945
5.93789
6.00632
6.07472
6.1431
6.21145
6.27979
6.3481
6.41639
6.48466
6.55291
6.62113
6.68934
6.75752
6.82568
6.89382
6.96194
7.03004
7.09812
7.16618
7.23422
7.30224
7.37024
7.43822
7.50617
7.57411
7.64203
7.70993
7.77781
7.84567
7.91351
7.98133
8.04913
8.11692
8.18468
8.25243
8.32015
8.38786
8.45555
8.52322
8.59087
8.65851
8.72612
8.79372
8.8613
8.92886
8.9964
9.06392
9.13143
9.19892
9.26639
9.33384
9.40128
9.46869
9.53609
9.60348
9.67084
9.73819
9.80552
9.87283
9.94013
10.0074
10.0747
10.1419
10.2091
10.2763
10.3435
10.4107
10.4779
10.545
10.6121
10.6792
10.7463
10.8134
10.8805
10.9475
11.0145
11.0816
11.1485
11.2155
11.2825
11.3494
11.4164
11.4833
11.5502
11.617
11.6839
11.7508
11.8176
11.8844
11.9512
12.018
12.0848
12.1515
12.2182
12.285
12.3517
12.4184
12.485
12.5517
12.6183
12.685
12.7516
12.8182
12.8847
12.9513
13.0179
13.0844
13.1509
13.2174
13.2839
13.3504
