0
0
1.27884e-14
8.07035e-07
0.000293679
0.00387143
0.0156635
0.0373386
0.0655883
0.0946361
0.119994
0.1398
0.154277
0.164684
0.172422
0.178529
0.183593
0.187919
0.191681
0.19499
0.197931
0.200565
0.202943
0.205105
0.207083
0.208906
0.210594
0.212167
0.213639
0.215022
0.216329
0.217566
0.218743
0.219864
0.220936
0.221963
0.222949
0.223897
0.22481
0.225691
0.226541
0.227364
0.22816
0.228931
0.229678
0.230404
0.231107
0.231791
0.232455
0.233101
0.23373
0.234341
0.234936
0.235516
0.23608
0.236631
0.237167
0.23769
0.2382
0.238697
0.239183
0.239657
0.24012
0.240572
0.241014
0.241446
0.241868
0.242281
0.242684
0.243079
0.243466
0.243844
0.244214
0.244577
0.244932
0.24528
0.245622
0.245956
0.246284
0.246606
0.246922
0.247231
0.247535
0.247834
0.248127
0.248415
0.248698
0.248976
0.24925
0.249519
0.249783
0.250043
0.250299
0.250551
0.250799
0.251044
0.251284
0.251521
0.251754
0.251985
0.252211
0.252435
0.252655
0.252873
0.253087
0.253299
0.253508
0.253714
0.253917
0.254118
0.254317
0.254513
0.254706
0.254898
0.255087
0.255274
0.255458
0.255641
0.255822
0.256
0.256177
0.256352
0.256525
0.256696
0.256865
0.257032
0.257198
0.257363
0.257525
0.257686
0.257846
0.258004
0.25816
0.258315
0.258468
0.258621
0.258771
0.258921
0.259069
0.259216
0.259361
0.259506
0.259649
0.259791
0.259931
0.260071
0.260209
0.260346
0.260483
0.260618
0.260752
0.260885
0.261017
0.261148
0.261278
0.261407
0.261535
0.261662
0.261788
0.261913
0.262037
0.262161
0.262283
0.262405
0.262526
0.262646
0.262765
0.262884
0.263001
0.263118
0.263234
0.263349
0.263464
0.263577
0.26369
0.263803
0.263914
0.264025
0.264135
0.264245
0.264353
0.264462
0.264569
0.264676
0.264782
0.264887
0.264992
0.265096
0.2652
0.265303
0.265405
0.265507
0.265608
0.265709
0.265809
0.265909
0.266007
0.266106
0.266204
0.266301
0.266398
