0
0
2.11422e-14
1.33422e-06
0.000486069
0.00658015
0.027805
0.0689198
0.127774
0.19887
0.276608
0.356829
0.437148
0.516606
0.595051
0.672589
0.749343
0.825412
0.900881
0.97582
1.05029
1.12434
1.19802
1.27136
1.3444
1.41717
1.48969
1.56198
1.63408
1.70599
1.77773
1.84931
1.92075
1.99206
2.06324
2.13431
2.20528
2.27614
2.34692
2.41761
2.48821
2.55875
2.62921
2.6996
2.76993
2.84019
2.9104
2.98056
3.05066
3.1207
3.1907
3.26066
3.33057
3.40043
3.47025
3.54003
3.60978
3.67948
3.74915
3.81878
3.88837
3.95793
4.02745
4.09695
4.16641
4.23584
4.30523
4.3746
4.44394
4.51324
4.58252
4.65177
4.72099
4.79018
4.85935
4.92849
4.9976
5.06669
5.13575
5.20478
5.27379
5.34277
5.41173
5.48066
5.54957
5.61846
5.68732
5.75615
5.82497
5.89376
5.96252
6.03127
6.09999
6.16868
6.23736
6.30601
6.37464
6.44325
6.51184
6.58041
6.64895
6.71747
6.78597
6.85445
6.92291
6.99135
7.05977
7.12816
7.19654
7.26489
7.33323
7.40154
7.46984
7.53811
7.60637
7.6746
7.74282
7.81101
7.87919
7.94735
8.01548
8.0836
8.1517
8.21978
8.28784
8.35588
8.42391
8.49191
8.55989
8.62786
8.69581
8.76374
8.83165
8.89954
8.96742
9.03528
9.10312
9.17094
9.23874
9.30652
9.37429
9.44204
9.50977
9.57748
9.64518
9.71286
9.78052
9.84816
9.91579
9.9834
10.051
10.1186
10.1861
10.2537
10.3212
10.3887
10.4562
10.5237
10.5911
10.6586
10.726
10.7934
10.8608
10.9281
10.9955
11.0628
11.1302
11.1975
11.2648
11.332
11.3993
11.4665
11.5337
11.601
11.6681
11.7353
11.8025
11.8696
11.9368
12.0039
12.071
12.138
12.2051
12.2722
12.3392
12.4062
12.4732
12.5402
12.6072
12.6741
12.7411
12.808
12.8749
12.9418
13.0087
13.0755
13.1424
13.2092
13.276
13.3428
13.4096
