0
0
1.27884e-14
8.07035e-07
0.000293447
0.00377461
0.0140033
0.0294296
0.0457856
0.0598029
0.0701804
0.0770837
0.0813966
0.0841245
0.0860263
0.0875129
0.0887623
0.0898548
0.0908328
0.0917211
0.0925356
0.0932872
0.0939843
0.0946333
0.0952395
0.0958072
0.0963401
0.0968417
0.0973147
0.0977616
0.0981847
0.098586
0.0989673
0.0993303
0.0996763
0.100007
0.100323
0.100625
0.100916
0.101195
0.101463
0.101722
0.101972
0.102213
0.102446
0.102672
0.102892
0.103105
0.103311
0.103513
0.103709
0.103901
0.104088
0.10427
0.104449
0.104624
0.104796
0.104964
0.105129
0.105291
0.105451
0.105608
0.105763
0.105915
0.106065
0.106213
0.106359
0.106503
0.106646
0.106787
0.106926
0.107064
0.1072
0.107335
0.107469
0.107601
0.107733
0.107863
0.107992
0.10812
0.108247
0.108373
0.108499
0.108623
0.108747
0.108869
0.108991
0.109113
0.109233
0.109353
0.109472
0.109591
0.109709
0.109826
0.109943
0.110059
0.110175
0.11029
0.110405
0.110519
0.110632
0.110746
0.110858
0.11097
0.111082
0.111194
0.111305
0.111415
0.111525
0.111635
0.111745
0.111854
0.111962
0.112071
0.112179
0.112286
0.112394
0.112501
0.112607
0.112714
0.11282
0.112926
0.113031
0.113136
0.113241
0.113346
0.11345
0.113554
0.113658
0.113762
0.113865
0.113968
0.114071
0.114173
0.114276
0.114378
0.11448
0.114581
0.114683
0.114784
0.114885
0.114985
0.115086
0.115186
0.115286
0.115386
0.115486
0.115585
0.115685
0.115784
0.115882
0.115981
0.11608
0.116178
0.116276
0.116374
0.116471
0.116569
0.116666
0.116764
0.116861
0.116957
0.117054
0.11715
0.117247
0.117343
0.117439
0.117535
0.11763
0.117726
0.117821
0.117916
0.118011
0.118106
0.118201
0.118295
0.11839
0.118484
0.118578
0.118672
0.118766
0.118859
0.118953
0.119046
0.119139
0.119232
0.119325
0.119418
0.119511
0.119603
0.119696
0.119788
0.11988
0.119972
0.120064
0.120155
0.120247
0.120338
0.12043
0.120521
0.120612
