0
0
2.06475e-14
1.303e-06
0.000474626
0.00640081
0.0267978
0.065637
0.120102
0.184384
0.252888
0.321624
0.388419
0.452501
0.51386
0.572708
0.629256
0.683683
0.736144
0.786779
0.835712
0.883057
0.928919
0.973392
1.01657
1.05852
1.09933
1.13907
1.1778
1.21557
1.25246
1.2885
1.32376
1.35826
1.39207
1.42521
1.45773
1.48965
1.52103
1.55187
1.58222
1.6121
1.64154
1.67057
1.6992
1.72745
1.75535
1.78292
1.81018
1.83713
1.86381
1.89022
1.91637
1.94229
1.96799
1.99346
2.01874
2.04383
2.06873
2.09347
2.11804
2.14246
2.16673
2.19087
2.21487
2.23875
2.26251
2.28617
2.30971
2.33316
2.35651
2.37978
2.40296
2.42605
2.44908
2.47203
2.49491
2.51772
2.54047
2.56317
2.58581
2.60839
2.63093
2.65342
2.67586
2.69826
2.72062
2.74294
2.76523
2.78747
2.80969
2.83187
2.85403
2.87615
2.89825
2.92032
2.94237
2.96439
2.98639
3.00837
3.03033
3.05227
3.07419
3.0961
3.11798
3.13985
3.16171
3.18355
3.20538
3.22719
3.24899
3.27078
3.29256
3.31433
3.33608
3.35783
3.37956
3.40129
3.42301
3.44471
3.46641
3.48811
3.50979
3.53147
3.55314
3.5748
3.59646
3.61811
3.63975
3.66139
3.68302
3.70465
3.72627
3.74788
3.76949
3.7911
3.8127
3.8343
3.85589
3.87748
3.89906
3.92064
3.94221
3.96379
3.98535
4.00692
4.02848
4.05003
4.07159
4.09314
4.11468
4.13622
4.15776
4.1793
4.20083
4.22236
4.24389
4.26541
4.28694
4.30845
4.32997
4.35148
4.37299
4.3945
4.416
4.4375
4.459
4.4805
4.50199
4.52348
4.54497
4.56645
4.58794
4.60942
4.63089
4.65237
4.67384
4.69531
4.71678
4.73825
4.75971
4.78117
4.80263
4.82408
4.84553
4.86699
4.88843
4.90988
4.93132
4.95276
4.9742
4.99564
5.01707
5.0385
5.05993
5.08136
5.10278
5.12421
5.14563
5.16704
5.18846
