0
0
9.01563e-16
5.68947e-08
2.069e-05
0.000267297
0.00101786
0.00228843
0.00392019
0.00571602
0.00752346
0.00924064
0.0108171
0.012236
0.0135033
0.0146317
0.0156376
0.0165357
0.0173406
0.0180639
0.0187169
0.0193081
0.0198457
0.0203359
0.0207845
0.0211961
0.0215751
0.0219246
0.0222479
0.0225474
0.0228258
0.0230846
0.023326
0.0235512
0.0237619
0.0239592
0.0241442
0.0243179
0.0244813
0.0246351
0.0247801
0.0249169
0.0250463
0.0251687
0.0252847
0.0253948
0.0254994
0.0255988
0.0256937
0.0257841
0.0258706
0.0259533
0.0260327
0.0261088
0.026182
0.0262525
0.0263206
0.0263863
0.0264499
0.0265116
0.0265715
0.0266298
0.0266866
0.026742
0.0267961
0.0268491
0.026901
0.026952
0.0270021
0.0270514
0.0271
0.027148
0.0271954
0.0272422
0.0272886
0.0273346
0.0273802
0.0274254
0.0274704
0.0275151
0.0275596
0.0276039
0.027648
0.027692
0.0277359
0.0277796
0.0278233
0.0278669
0.0279105
0.0279541
0.0279976
0.0280411
0.0280846
0.0281281
0.0281717
0.0282152
0.0282588
0.0283024
0.0283461
0.0283898
0.0284335
0.0284773
0.0285212
0.0285651
0.028609
0.028653
0.0286971
0.0287412
0.0287853
0.0288295
0.0288738
0.0289181
0.0289625
0.0290069
0.0290514
0.0290959
0.0291404
0.029185
0.0292297
0.0292743
0.029319
0.0293638
0.0294086
0.0294534
0.0294982
0.0295431
0.029588
0.0296329
0.0296778
0.0297228
0.0297678
0.0298127
0.0298577
0.0299027
0.0299478
0.0299928
0.0300378
0.0300828
0.0301279
0.0301729
0.0302179
0.0302629
0.030308
0.030353
0.030398
0.0304429
0.0304879
0.0305329
0.0305778
0.0306228
0.0306677
0.0307126
0.0307574
0.0308023
0.0308471
0.0308919
0.0309367
0.0309814
0.0310262
0.0310709
0.0311155
0.0311602
0.0312048
0.0312493
0.0312939
0.0313384
0.0313829
0.0314273
0.0314717
0.0315161
0.0315604
0.0316047
0.0316489
0.0316932
0.0317373
0.0317815
0.0318256
0.0318696
0.0319136
0.0319576
0.0320015
0.0320454
0.0320893
0.0321331
0.0321768
0.0322206
0.0322642
0.0323079
0.0323514
0.032395
0.0324385
0.0324819
0.0325253
0.0325687
0.032612
0.0326553
0.0326985
0.0327417
0.0327848
0.0328279
0.032871
