0
0
1.32002e-15
8.3302e-08
3.02892e-05
0.0003899
0.00147162
0.00328205
0.00558594
0.00809542
0.010592
0.0129322
0.0150517
0.0169356
0.0186026
0.0200785
0.0213921
0.0225675
0.0236272
0.0245884
0.0254667
0.0262737
0.0270199
0.027713
0.0283601
0.0289663
0.0295367
0.0300747
0.0305838
0.0310664
0.0315253
0.031962
0.0323786
0.0327765
0.0331571
0.0335214
0.0338708
0.0342061
0.0345282
0.0348379
0.0351361
0.0354233
0.0357002
0.0359675
0.0362257
0.0364753
0.0367169
0.0369508
0.0371775
0.0373975
0.0376111
0.0378187
0.0380207
0.0382172
0.0384088
0.0385955
0.0387778
0.0389559
0.0391299
0.0393002
0.0394669
0.0396303
0.0397905
0.0399477
0.040102
0.0402537
0.0404029
0.0405497
0.0406942
0.0408366
0.0409769
0.0411154
0.041252
0.0413869
0.0415202
0.0416519
0.0417822
0.0419111
0.0420386
0.0421649
0.04229
0.0424139
0.0425368
0.0426586
0.0427794
0.0428992
0.0430182
0.0431363
0.0432536
0.04337
0.0434857
0.0436007
0.043715
0.0438286
0.0439416
0.0440539
0.0441656
0.0442768
0.0443873
0.0444974
0.0446069
0.0447159
0.0448244
0.0449325
0.0450401
0.0451472
0.0452539
0.0453602
0.0454661
0.0455716
0.0456767
0.0457814
0.0458857
0.0459897
0.0460933
0.0461966
0.0462995
0.0464022
0.0465045
0.0466064
0.0467081
0.0468095
0.0469106
0.0470114
0.0471118
0.0472121
0.047312
0.0474117
0.0475111
0.0476102
0.0477091
0.0478078
0.0479062
0.0480043
0.0481022
0.0481999
0.0482973
0.0483945
0.0484915
0.0485882
0.0486847
0.048781
0.0488771
0.048973
0.0490687
0.0491641
0.0492594
0.0493545
0.0494493
0.049544
0.0496384
0.0497327
0.0498268
0.0499207
0.0500144
0.0501079
0.0502012
0.0502944
0.0503874
0.0504802
0.0505728
0.0506652
0.0507575
0.0508496
0.0509416
0.0510334
0.051125
0.0512164
0.0513077
0.0513989
0.0514898
0.0515806
0.0516713
0.0517618
0.0518522
0.0519424
0.0520324
0.0521223
0.0522121
0.0523017
0.0523911
0.0524804
0.0525696
0.0526587
0.0527475
0.0528363
0.0529249
0.0530134
0.0531017
0.0531899
0.053278
0.053366
0.0534538
0.0535414
0.053629
0.0537164
0.0538037
0.0538909
0.0539779
0.0540648
0.0541516
