0
0
1.27884e-14
8.07035e-07
0.000293764
0.0039149
0.0166166
0.0425339
0.0798685
0.121871
0.161927
0.196241
0.223854
0.245606
0.263018
0.277471
0.289883
0.300787
0.310499
0.319227
0.327122
0.334298
0.340845
0.346837
0.352337
0.357396
0.362058
0.366362
0.370342
0.374026
0.37744
0.380607
0.383548
0.38628
0.38882
0.391182
0.39338
0.395426
0.39733
0.399102
0.400753
0.40229
0.40372
0.405052
0.406291
0.407444
0.408516
0.409512
0.410438
0.411297
0.412094
0.412833
0.413518
0.414151
0.414736
0.415276
0.415774
0.416232
0.416653
0.417039
0.417391
0.417713
0.418006
0.418272
0.418512
0.418728
0.418922
0.419094
0.419246
0.41938
0.419497
0.419597
0.419681
0.419751
0.419808
0.419852
0.419884
0.419905
0.419916
0.419917
0.419909
0.419892
0.419868
0.419836
0.419798
0.419753
0.419702
0.419646
0.419585
0.419519
0.419448
0.419374
0.419296
0.419215
0.41913
0.419043
0.418953
0.418861
0.418767
0.418671
0.418573
0.418473
0.418373
0.418271
0.418168
0.418064
0.41796
0.417855
0.417749
0.417643
0.417537
0.417431
0.417325
0.417219
0.417113
0.417007
0.416902
0.416796
0.416692
0.416588
0.416484
0.416381
0.416279
0.416177
0.416076
0.415976
0.415877
0.415778
0.415681
0.415584
0.415489
0.415394
0.4153
0.415208
0.415116
0.415026
0.414936
0.414848
0.414761
0.414675
0.41459
0.414506
0.414423
0.414342
0.414262
0.414182
0.414105
0.414028
0.413952
0.413878
0.413804
0.413732
0.413661
0.413592
0.413523
0.413456
0.413389
0.413324
0.413261
0.413198
0.413136
0.413076
0.413017
0.412959
0.412902
0.412846
0.412791
0.412738
0.412685
0.412634
0.412584
0.412534
0.412486
0.412439
0.412393
0.412349
0.412305
0.412262
0.41222
0.41218
0.41214
0.412101
0.412064
0.412027
0.411992
0.411957
0.411923
0.411891
0.411859
0.411828
0.411798
0.411769
0.411741
0.411714
0.411688
0.411663
0.411638
0.411615
0.411592
0.41157
0.41155
