0
0
1.27267e-14
8.03139e-07
0.00029222
0.00383264
0.0151744
0.0350408
0.0598001
0.0843966
0.105328
0.121378
0.132967
0.141244
0.147371
0.152162
0.156073
0.159351
0.162147
0.164567
0.166688
0.168568
0.170253
0.171778
0.17317
0.174452
0.175639
0.176747
0.177786
0.178764
0.179689
0.180568
0.181404
0.182202
0.182966
0.183698
0.184402
0.185079
0.185731
0.186359
0.186966
0.187553
0.188121
0.188671
0.189204
0.189721
0.190222
0.19071
0.191183
0.191644
0.192092
0.192529
0.192954
0.193369
0.193773
0.194168
0.194553
0.19493
0.195298
0.195658
0.196009
0.196354
0.196691
0.197021
0.197345
0.197662
0.197973
0.198278
0.198577
0.198871
0.19916
0.199443
0.199722
0.199996
0.200265
0.20053
0.20079
0.201046
0.201299
0.201547
0.201791
0.202032
0.20227
0.202504
0.202734
0.202961
0.203185
0.203406
0.203624
0.203839
0.204052
0.204261
0.204468
0.204672
0.204873
0.205072
0.205269
0.205463
0.205655
0.205845
0.206032
0.206217
0.2064
0.206581
0.20676
0.206937
0.207112
0.207286
0.207457
0.207626
0.207794
0.20796
0.208124
0.208286
0.208447
0.208607
0.208764
0.20892
0.209075
0.209228
0.209379
0.209529
0.209678
0.209825
0.209971
0.210116
0.210259
0.210401
0.210542
0.210681
0.21082
0.210957
0.211092
0.211227
0.211361
0.211493
0.211624
0.211754
0.211883
0.212012
0.212139
0.212264
0.212389
0.212513
0.212636
0.212758
0.21288
0.213
0.213119
0.213237
0.213355
0.213471
0.213587
0.213702
0.213816
0.213929
0.214042
0.214153
0.214264
0.214374
0.214484
0.214592
0.2147
0.214807
0.214914
0.21502
0.215125
0.215229
0.215333
0.215436
0.215538
0.21564
0.215741
0.215841
0.215941
0.21604
0.216139
0.216237
0.216334
0.216431
0.216528
0.216623
0.216719
0.216813
0.216908
0.217001
0.217094
0.217187
0.217279
0.217371
0.217462
0.217552
0.217643
0.217732
0.217821
0.21791
0.217999
0.218086
0.218174
0.218261
0.218348
