0
0
1.27884e-14
8.07035e-07
0.00029326
0.00370648
0.0131022
0.0258956
0.0379085
0.0468905
0.0525425
0.0555835
0.0570182
0.0577051
0.0581567
0.0585611
0.0589515
0.0593305
0.059699
0.0600579
0.0604077
0.0607492
0.0610829
0.0614092
0.0617287
0.0620417
0.0623487
0.0626499
0.0629456
0.0632363
0.063522
0.063803
0.0640797
0.0643521
0.0646205
0.0648851
0.065146
0.0654033
0.0656573
0.065908
0.0661556
0.0664002
0.0666419
0.0668809
0.0671171
0.0673508
0.067582
0.0678107
0.0680371
0.0682613
0.0684833
0.0687031
0.0689209
0.0691367
0.0693506
0.0695625
0.0697727
0.0699811
0.0701877
0.0703927
0.070596
0.0707977
0.0709979
0.0711965
0.0713937
0.0715894
0.0717838
0.0719767
0.0721683
0.0723586
0.0725476
0.0727353
0.0729218
0.0731072
0.0732913
0.0734743
0.0736561
0.0738369
0.0740165
0.0741951
0.0743727
0.0745492
0.0747248
0.0748993
0.0750729
0.0752455
0.0754172
0.075588
0.0757579
0.0759269
0.076095
0.0762623
0.0764287
0.0765943
0.0767591
0.0769231
0.0770863
0.0772488
0.0774104
0.0775714
0.0777315
0.077891
0.0780497
0.0782078
0.0783651
0.0785217
0.0786777
0.078833
0.0789877
0.0791417
0.079295
0.0794478
0.0795999
0.0797514
0.0799023
0.0800525
0.0802022
0.0803514
0.0804999
0.0806479
0.0807953
0.0809422
0.0810885
0.0812342
0.0813795
0.0815242
0.0816684
0.0818121
0.0819552
0.0820979
0.0822401
0.0823818
0.082523
0.0826637
0.0828039
0.0829437
0.083083
0.0832219
0.0833603
0.0834982
0.0836357
0.0837728
0.0839094
0.0840456
0.0841814
0.0843167
0.0844517
0.0845862
0.0847203
0.084854
0.0849873
0.0851202
0.0852527
0.0853849
0.0855166
0.085648
0.085779
0.0859096
0.0860398
0.0861697
0.0862992
0.0864284
0.0865572
0.0866856
0.0868137
0.0869415
0.0870689
0.0871959
0.0873227
0.087449
0.0875751
0.0877008
0.0878262
0.0879513
0.0880761
0.0882005
0.0883247
0.0884485
0.088572
0.0886952
0.0888181
0.0889407
0.089063
0.089185
0.0893067
0.0894281
0.0895493
0.0896701
0.0897906
0.0899109
0.0900309
0.0901506
0.0902701
0.0903892
0.0905081
0.0906267
0.0907451
0.0908632
0.090981
0.0910986
0.0912159
