0
0
5.69034e-15
3.59099e-07
0.000130442
0.00163419
0.00578751
0.0123655
0.0204084
0.0288307
0.0368719
0.0441627
0.0505503
0.056256
0.061181
0.0659143
0.069806
0.0745334
0.0782626
0.0874406
0.100647
0.143758
0.226833
0.4135
0.761464
1.44546
2.73431
5.20882
9.91492
18.9203
36.1234
69.0639
132.152
253.131
485.272
931.117
1788.01
3436.15
6608.33
12717.9
24492.4
47198.2
91009
175590
338967
654711
1.26522e+06
2.44625e+06
4.73198e+06
9.15767e+06
1.77304e+07
3.43431e+07
6.65485e+07
1.29006e+08
2.50178e+08
4.85342e+08
9.41894e+08
1.82855e+09
3.55106e+09
6.89842e+09
1.34053e+10
2.60578e+10
5.06672e+10
9.85461e+10
1.91723e+11
3.73099e+11
7.26255e+11
1.41405e+12
2.7539e+12
5.36457e+12
1.04526e+13
2.03711e+13
3.97099e+13
7.74244e+13
1.5099e+14
2.94516e+14
5.74588e+14
1.12121e+15
2.18828e+15
4.27169e+15
8.34016e+15
1.62864e+16
3.18093e+16
6.21376e+16
1.21402e+17
2.3723e+17
4.63641e+17
9.06276e+17
1.77176e+18
3.46429e+18
6.77464e+18
1.32501e+19
2.59187e+19
5.07067e+19
9.92146e+19
1.94152e+20
3.79984e+20
7.43775e+20
1.45603e+21
2.85071e+21
5.58195e+21
1.09312e+22
2.14093e+22
4.19355e+22
8.21503e+22
1.60947e+23
3.15357e+23
6.17969e+23
1.21108e+24
2.37369e+24
4.65283e+24
9.12119e+24
1.78824e+25
3.50623e+25
6.87534e+25
1.3483e+26
2.64433e+26
5.1866e+26
1.01739e+27
1.99583e+27
3.9156e+27
7.68258e+27
1.50747e+28
2.95819e+28
5.80543e+28
1.1394e+29
2.23639e+29
4.38987e+29
8.61759e+29
1.69181e+30
3.32158e+30
6.52181e+30
1.28062e+31
2.51478e+31
4.93865e+31
9.69937e+31
1.90505e+32
3.74192e+32
7.35036e+32
1.44394e+33
2.83671e+33
5.5732e+33
1.09501e+34
2.15158e+34
4.22786e+34
8.30819e+34
1.63273e+35
3.20883e+35
6.30668e+35
1.23958e+36
2.43654e+36
4.78953e+36
9.41526e+36
1.85094e+37
3.63893e+37
7.15443e+37
1.40668e+38
2.7659e+38
5.43871e+38
1.06949e+39
2.10316e+39
4.13608e+39
8.13435e+39
1.59984e+40
3.14663e+40
6.18918e+40
1.21741e+41
2.39475e+41
4.71084e+41
9.2673e+41
1.82316e+42
3.58684e+42
7.05693e+42
1.38847e+43
2.73193e+43
5.37552e+43
1.05776e+44
2.08145e+44
4.09601e+44
8.06066e+44
1.58633e+45
3.122e+45
6.14447e+45
1.20935e+46
2.38029e+46
4.68514e+46
9.22209e+46
1.8153e+47
3.5734e+47
7.0344e+47
1.38479e+48
2.72619e+48
5.36709e+48
1.05666e+49
2.08037e+49
4.09601e+49
8.06477e+49
1.58794e+50
3.12672e+50
6.1568e+50
1.21236e+51
