0
0
2.11392e-14
1.33402e-06
0.000485998
0.0065791
0.0277996
0.0689032
0.127737
0.198804
0.276502
0.356677
0.436943
0.516342
0.594723
0.672194
0.748875
0.824869
0.900258
0.975115
1.0495
1.12346
1.19705
1.2703
1.34324
1.41591
1.48834
1.56054
1.63253
1.70434
1.77597
1.84745
1.91879
1.98999
2.06107
2.13203
2.20289
2.27365
2.34431
2.41489
2.48539
2.55581
2.62616
2.69644
2.76666
2.83681
2.90691
2.97695
3.04694
3.11688
3.18676
3.25661
3.3264
3.39615
3.46586
3.53553
3.60516
3.67475
3.7443
3.81382
3.8833
3.95275
4.02216
4.09154
4.16088
4.2302
4.29948
4.36874
4.43796
4.50715
4.57632
4.64545
4.71456
4.78364
4.85269
4.92172
4.99071
5.05969
5.12863
5.19755
5.26645
5.33532
5.40416
5.47298
5.54178
5.61055
5.6793
5.74802
5.81672
5.8854
5.95405
6.02268
6.09129
6.15987
6.22843
6.29697
6.36549
6.43399
6.50246
6.57091
6.63935
6.70775
6.77614
6.84451
6.91286
6.98118
7.04949
7.11777
7.18603
7.25427
7.3225
7.3907
7.45888
7.52704
7.59519
7.66331
7.73141
7.79949
7.86756
7.9356
8.00363
8.07163
8.13962
8.20759
8.27553
8.34346
8.41137
8.47927
8.54714
8.61499
8.68283
8.75065
8.81845
8.88623
8.95399
9.02174
9.08946
9.15717
9.22486
9.29254
9.36019
9.42783
9.49545
9.56305
9.63063
9.6982
9.76575
9.83328
9.9008
9.96829
10.0358
10.1032
10.1707
10.2381
10.3055
10.3729
10.4403
10.5077
10.575
10.6423
10.7096
10.7769
10.8442
10.9115
10.9787
11.0459
11.1132
11.1804
11.2475
11.3147
11.3818
11.449
11.5161
11.5832
11.6503
11.7173
11.7844
11.8514
11.9184
11.9854
12.0524
12.1194
12.1863
12.2533
12.3202
12.3871
12.454
12.5209
12.5877
12.6546
12.7214
12.7882
12.855
12.9218
12.9886
13.0553
13.1221
13.1888
13.2555
13.3222
13.3888
