0
0
1.27884e-14
8.07035e-07
0.000293755
0.00391146
0.0165607
0.0422697
0.0791669
0.120505
0.159721
0.193093
0.219726
0.240512
0.257002
0.270592
0.282205
0.29237
0.301402
0.309502
0.316817
0.323455
0.329502
0.335028
0.340091
0.34474
0.349017
0.352958
0.356594
0.359955
0.363063
0.365941
0.368607
0.37108
0.373374
0.375504
0.377482
0.379319
0.381027
0.382614
0.38409
0.385461
0.386737
0.387922
0.389025
0.390049
0.391001
0.391886
0.392707
0.39347
0.394178
0.394834
0.395443
0.396007
0.39653
0.397013
0.39746
0.397872
0.398253
0.398605
0.398928
0.399226
0.399499
0.39975
0.39998
0.400191
0.400383
0.400557
0.400717
0.400861
0.400991
0.401109
0.401215
0.40131
0.401395
0.40147
0.401537
0.401596
0.401647
0.401691
0.401729
0.401761
0.401788
0.40181
0.401828
0.401842
0.401852
0.401859
0.401863
0.401864
0.401863
0.40186
0.401855
0.401849
0.401841
0.401833
0.401823
0.401812
0.401802
0.40179
0.401779
0.401767
0.401755
0.401744
0.401732
0.401721
0.401711
0.401701
0.401692
0.401683
0.401675
0.401668
0.401662
0.401657
0.401653
0.40165
0.401648
0.401647
0.401647
0.401649
0.401652
0.401656
0.401661
0.401667
0.401675
0.401684
0.401695
0.401707
0.40172
0.401734
0.40175
0.401767
0.401786
0.401806
0.401827
0.40185
0.401874
0.401899
0.401926
0.401954
0.401983
0.402014
0.402046
0.402079
0.402113
0.402149
0.402186
0.402224
0.402264
0.402304
0.402346
0.402389
0.402434
0.402479
0.402526
0.402573
0.402622
0.402672
0.402723
0.402775
0.402828
0.402882
0.402938
0.402994
0.403051
0.403109
0.403168
0.403228
0.403289
0.403351
0.403414
0.403478
0.403543
0.403608
0.403674
0.403741
0.403809
0.403878
0.403948
0.404018
0.404089
0.404161
0.404233
0.404306
0.40438
0.404455
0.40453
0.404606
0.404682
0.40476
0.404837
0.404916
0.404995
0.405074
0.405154
0.405235
0.405316
0.405398
0.40548
0.405563
0.405647
