0
0
1.27884e-14
8.07035e-07
0.000293448
0.0037748
0.0140058
0.0294396
0.0458081
0.0598406
0.070233
0.0771492
0.0814723
0.0842079
0.0861153
0.0876061
0.0888587
0.0899539
0.0909342
0.0918245
0.0926408
0.0933943
0.094093
0.0947436
0.0953513
0.0959204
0.0964548
0.0969578
0.0974321
0.0978803
0.0983046
0.0987071
0.0990896
0.0994536
0.0998007
0.100132
0.100449
0.100753
0.101044
0.101324
0.101593
0.101853
0.102103
0.102345
0.102579
0.102806
0.103026
0.103239
0.103447
0.103649
0.103845
0.104037
0.104225
0.104408
0.104587
0.104762
0.104934
0.105103
0.105268
0.105431
0.105591
0.105748
0.105903
0.106055
0.106205
0.106354
0.1065
0.106644
0.106787
0.106928
0.107067
0.107205
0.107342
0.107477
0.107611
0.107743
0.107874
0.108005
0.108134
0.108262
0.108389
0.108515
0.108641
0.108765
0.108889
0.109012
0.109134
0.109255
0.109376
0.109495
0.109615
0.109733
0.109851
0.109968
0.110085
0.110201
0.110317
0.110432
0.110547
0.110661
0.110774
0.110887
0.111
0.111112
0.111224
0.111335
0.111446
0.111557
0.111667
0.111777
0.111886
0.111995
0.112104
0.112212
0.11232
0.112428
0.112535
0.112642
0.112748
0.112855
0.112961
0.113067
0.113172
0.113277
0.113382
0.113486
0.113591
0.113695
0.113799
0.113902
0.114005
0.114108
0.114211
0.114313
0.114416
0.114518
0.114619
0.114721
0.114822
0.114923
0.115024
0.115125
0.115225
0.115326
0.115425
0.115525
0.115625
0.115724
0.115823
0.115922
0.116021
0.11612
0.116218
0.116316
0.116414
0.116512
0.11661
0.116707
0.116805
0.116902
0.116999
0.117095
0.117192
0.117288
0.117384
0.117481
0.117576
0.117672
0.117768
0.117863
0.117958
0.118053
0.118148
0.118243
0.118338
0.118432
0.118526
0.118621
0.118715
0.118808
0.118902
0.118996
0.119089
0.119182
0.119275
0.119368
0.119461
0.119554
0.119647
0.119739
0.119831
0.119923
0.120015
0.120107
0.120199
0.120291
0.120382
0.120473
0.120565
0.120656
0.120747
