0
0
2.22789e-14
1.40595e-06
0.00051227
0.00695866
0.0296427
0.0741865
0.138895
0.21825
0.306345
0.398627
0.49235
0.586283
0.680084
0.773723
0.86722
0.96059
1.05385
1.147
1.24005
1.33301
1.42588
1.51868
1.61139
1.70404
1.79661
1.88911
1.98155
2.07393
2.16625
2.25851
2.35071
2.44286
2.53495
2.627
2.71899
2.81093
2.90283
2.99467
3.08647
3.17823
3.26994
3.36161
3.45324
3.54482
3.63637
3.72787
3.81933
3.91076
4.00214
4.09349
4.1848
4.27607
4.3673
4.4585
4.54966
4.64079
4.73188
4.82293
4.91395
5.00494
5.09589
5.18681
5.2777
5.36855
5.45937
5.55015
5.6409
5.73163
5.82231
5.91297
6.0036
6.09419
6.18475
6.27529
6.36579
6.45626
6.5467
6.63711
6.72748
6.81783
6.90815
6.99844
7.0887
7.17893
7.26913
7.3593
7.44945
7.53956
7.62964
7.7197
7.80973
7.89973
7.9897
8.07964
8.16955
8.25944
8.3493
8.43913
8.52893
8.6187
8.70845
8.79817
8.88786
8.97753
9.06717
9.15678
9.24636
9.33592
9.42545
9.51495
9.60443
9.69387
9.7833
9.87269
9.96206
10.0514
10.1407
10.23
10.3193
10.4085
10.4977
10.5869
10.6761
10.7652
10.8543
10.9434
11.0325
11.1215
11.2105
11.2995
11.3884
11.4774
11.5663
11.6552
11.744
11.8328
11.9216
12.0104
12.0992
12.1879
12.2766
12.3653
12.4539
12.5426
12.6312
12.7198
12.8083
12.8968
12.9853
13.0738
13.1623
13.2507
13.3391
13.4275
13.5159
13.6042
13.6925
13.7808
13.8691
13.9573
14.0455
14.1337
14.2219
14.31
14.3982
14.4862
14.5743
14.6624
14.7504
14.8384
14.9264
15.0143
15.1023
15.1902
15.278
15.3659
15.4537
15.5416
15.6293
15.7171
15.8049
15.8926
15.9803
16.0679
16.1556
16.2432
16.3308
16.4184
16.506
16.5935
16.681
16.7685
16.856
16.9434
17.0308
17.1182
17.2056
17.293
17.3803
