0
0
3.61941e-16
2.28409e-08
8.30921e-06
0.000108402
0.000422834
0.000975169
0.00171165
0.00255534
0.00344004
0.00431737
0.00515801
0.00594678
0.00667834
0.00735177
0.00796873
0.00853188
0.00904475
0.00951087
0.00993399
0.0103175
0.0106648
0.0109788
0.0112625
0.0115183
0.0117489
0.0119561
0.0121422
0.0123088
0.0124577
0.0125904
0.0127083
0.0128126
0.0129046
0.0129853
0.0130556
0.0131166
0.0131689
0.0132135
0.0132509
0.0132818
0.0133068
0.0133264
0.0133412
0.0133516
0.013358
0.0133607
0.0133602
0.0133567
0.0133506
0.0133422
0.0133316
0.0133191
0.0133049
0.0132893
0.0132723
0.0132542
0.0132351
0.0132152
0.0131945
0.0131731
0.0131512
0.0131289
0.0131063
0.0130834
0.0130603
0.013037
0.0130137
0.0129903
0.012967
0.0129438
0.0129206
0.0128976
0.0128748
0.0128522
0.0128298
0.0128076
0.0127857
0.0127641
0.0127428
0.0127217
0.0127011
0.0126807
0.0126607
0.012641
0.0126217
0.0126027
0.0125841
0.0125658
0.0125479
0.0125303
0.0125132
0.0124963
0.0124799
0.0124637
0.012448
0.0124325
0.0124175
0.0124027
0.0123883
0.0123743
0.0123606
0.0123471
0.0123341
0.0123213
0.0123089
0.0122967
0.0122849
0.0122733
0.0122621
0.0122511
0.0122404
0.01223
0.0122199
0.01221
0.0122004
0.012191
0.0121819
0.0121731
0.0121645
0.0121561
0.0121479
0.01214
0.0121323
0.0121249
0.0121176
0.0121105
0.0121037
0.012097
0.0120906
0.0120843
0.0120783
0.0120724
0.0120667
0.0120611
0.0120558
0.0120506
0.0120456
0.0120407
0.012036
0.0120315
0.0120271
0.0120228
0.0120187
0.0120148
0.012011
0.0120073
0.0120038
0.0120003
0.0119971
0.0119939
0.0119909
0.0119879
0.0119851
0.0119825
0.0119799
0.0119774
0.0119751
0.0119728
0.0119707
0.0119686
0.0119667
0.0119649
0.0119631
0.0119615
0.0119599
0.0119584
0.011957
0.0119557
0.0119545
0.0119534
0.0119524
0.0119514
0.0119505
0.0119497
0.011949
0.0119483
0.0119477
0.0119472
0.0119467
0.0119463
0.011946
0.0119458
0.0119456
0.0119455
0.0119454
0.0119454
0.0119455
0.0119456
0.0119458
0.011946
0.0119463
0.0119467
0.0119471
0.0119475
0.011948
0.0119486
0.0119492
0.0119498
0.0119505
