0
0
3.98698e-15
2.51605e-07
9.15621e-05
0.00120482
0.00476528
0.0109869
0.0190478
0.0278891
0.0366645
0.0448701
0.0523114
0.0590004
0.0650379
0.0705304
0.0755625
0.0802005
0.0844972
0.0884957
0.0922313
0.0957338
0.0990282
0.102136
0.105075
0.107861
0.110509
0.11303
0.115435
0.117733
0.119933
0.122043
0.124069
0.126018
0.127894
0.129704
0.131451
0.13314
0.134775
0.136359
0.137895
0.139387
0.140836
0.142247
0.14362
0.144959
0.146265
0.14754
0.148785
0.150003
0.151195
0.152362
0.153506
0.154627
0.155727
0.156807
0.157868
0.158911
0.159937
0.160946
0.161939
0.162918
0.163882
0.164832
0.16577
0.166694
0.167607
0.168509
0.169399
0.170279
0.171149
0.172009
0.172859
0.173701
0.174534
0.175358
0.176175
0.176984
0.177785
0.178579
0.179366
0.180146
0.18092
0.181687
0.182449
0.183204
0.183954
0.184698
0.185436
0.18617
0.186898
0.187621
0.18834
0.189053
0.189763
0.190467
0.191168
0.191864
0.192556
0.193244
0.193928
0.194608
0.195284
0.195957
0.196626
0.197292
0.197954
0.198613
0.199268
0.199921
0.20057
0.201216
0.201859
0.202499
0.203136
0.20377
0.204401
0.20503
0.205656
0.206279
0.206899
0.207517
0.208132
0.208745
0.209355
0.209963
0.210568
0.211171
0.211772
0.21237
0.212966
0.21356
0.214152
0.214741
0.215328
0.215914
0.216497
0.217077
0.217656
0.218233
0.218808
0.219381
0.219952
0.220521
0.221088
0.221653
0.222216
0.222777
0.223337
0.223895
0.22445
0.225005
0.225557
0.226108
0.226656
0.227204
0.227749
0.228293
0.228835
0.229375
0.229914
0.230451
0.230987
0.231521
0.232053
0.232584
0.233114
0.233641
0.234167
0.234692
0.235215
0.235737
0.236257
0.236776
0.237293
0.237809
0.238324
0.238837
0.239348
0.239858
0.240367
0.240875
0.241381
0.241885
0.242389
0.242891
0.243391
0.243891
0.244389
0.244885
0.245381
0.245875
0.246368
0.246859
0.24735
0.247839
0.248326
0.248813
0.249298
0.249782
0.250265
