0
0
2.0809e-14
1.31319e-06
0.000478368
0.00646215
0.0271665
0.0669029
0.123174
0.190352
0.262882
0.336734
0.409662
0.480826
0.550159
0.617834
0.684024
0.748876
0.812518
0.87506
0.936599
0.997224
1.05701
1.11604
1.17436
1.23203
1.28911
1.34565
1.40168
1.45724
1.51238
1.56712
1.62149
1.67552
1.72923
1.78265
1.8358
1.88869
1.94135
1.99379
2.04602
2.09806
2.14993
2.20162
2.25316
2.30456
2.35581
2.40694
2.45795
2.50884
2.55963
2.61032
2.66092
2.71142
2.76185
2.81219
2.86246
2.91266
2.96279
3.01285
3.06286
3.11281
3.16271
3.21255
3.26235
3.31209
3.3618
3.41145
3.46107
3.51065
3.56019
3.6097
3.65917
3.70861
3.75801
3.80739
3.85673
3.90604
3.95533
4.00459
4.05382
4.10303
4.15221
4.20137
4.25051
4.29962
4.34871
4.39778
4.44683
4.49586
4.54486
4.59385
4.64282
4.69177
4.7407
4.78961
4.83851
4.88738
4.93624
4.98509
5.03391
5.08272
5.13151
5.18029
5.22905
5.27779
5.32652
5.37524
5.42394
5.47262
5.52129
5.56995
5.61859
5.66721
5.71582
5.76442
5.81301
5.86157
5.91013
5.95867
6.0072
6.05572
6.10422
6.15271
6.20118
6.24965
6.2981
6.34653
6.39496
6.44337
6.49177
6.54015
6.58853
6.63689
6.68524
6.73357
6.7819
6.83021
6.87851
6.92679
6.97507
7.02333
7.07159
7.11982
7.16805
7.21627
7.26447
7.31267
7.36085
7.40902
7.45717
7.50532
7.55345
7.60158
7.64969
7.69779
7.74588
7.79396
7.84202
7.89008
7.93812
7.98616
8.03418
8.08219
8.13019
8.17818
8.22616
8.27413
8.32208
8.37003
8.41796
8.46589
8.5138
8.5617
8.60959
8.65748
8.70535
8.75321
8.80106
8.84889
8.89672
8.94454
8.99235
9.04014
9.08793
9.13571
9.18347
9.23123
9.27897
9.32671
9.37443
9.42215
9.46985
9.51755
9.56523
9.6129
9.66057
9.70822
9.75586
9.8035
9.85112
