0
0
5.41595e-16
3.41783e-08
1.24316e-05
0.000161495
0.000623319
0.00142066
0.00246451
0.00363734
0.00484344
0.00601615
0.0071183
0.00813338
0.00905897
0.00989808
0.0106568
0.0113415
0.0119594
0.0125166
0.0130196
0.0134734
0.0138833
0.0142534
0.0145878
0.0148897
0.0151625
0.0154088
0.0156312
0.0158317
0.0160126
0.0161754
0.016322
0.0164536
0.0165717
0.0166774
0.016772
0.0168562
0.0169312
0.0169975
0.0170562
0.0171077
0.0171529
0.0171921
0.017226
0.017255
0.0172796
0.0173002
0.0173172
0.0173308
0.0173415
0.0173495
0.017355
0.0173584
0.0173598
0.0173594
0.0173575
0.0173542
0.0173497
0.017344
0.0173375
0.01733
0.0173219
0.0173132
0.0173039
0.0172942
0.0172842
0.0172738
0.0172633
0.0172526
0.0172418
0.0172309
0.0172201
0.0172093
0.0171986
0.0171879
0.0171775
0.0171672
0.0171571
0.0171472
0.0171375
0.0171281
0.017119
0.0171101
0.0171016
0.0170933
0.0170854
0.0170777
0.0170705
0.0170635
0.0170569
0.0170506
0.0170447
0.0170391
0.0170338
0.0170289
0.0170244
0.0170201
0.0170163
0.0170127
0.0170096
0.0170067
0.0170042
0.017002
0.0170001
0.0169985
0.0169973
0.0169964
0.0169957
0.0169954
0.0169954
0.0169957
0.0169963
0.0169971
0.0169983
0.0169997
0.0170014
0.0170033
0.0170055
0.017008
0.0170107
0.0170136
0.0170168
0.0170203
0.0170239
0.0170278
0.017032
0.0170363
0.0170408
0.0170456
0.0170505
0.0170557
0.017061
0.0170666
0.0170723
0.0170782
0.0170843
0.0170905
0.017097
0.0171035
0.0171103
0.0171172
0.0171243
0.0171315
0.0171388
0.0171463
0.017154
0.0171618
0.0171697
0.0171777
0.0171859
0.0171942
0.0172026
0.0172111
0.0172198
0.0172285
0.0172374
0.0172464
0.0172554
0.0172646
0.0172739
0.0172833
0.0172927
0.0173023
0.0173119
0.0173217
0.0173315
0.0173414
0.0173514
0.0173614
0.0173715
0.0173817
0.017392
0.0174024
0.0174128
0.0174233
0.0174338
0.0174444
0.0174551
0.0174658
0.0174766
0.0174875
0.0174984
0.0175094
0.0175204
0.0175314
0.0175425
0.0175537
0.0175649
0.0175761
0.0175874
0.0175988
0.0176102
0.0176216
0.017633
0.0176445
0.0176561
0.0176677
0.0176793
0.0176909
0.0177026
