0
0
4.62701e-15
2.91995e-07
0.000106194
0.00137426
0.0052319
0.0116825
0.0198211
0.0285674
0.0371092
0.044985
0.0520461
0.0583361
0.0639751
0.0690769
0.0737305
0.0780045
0.0819537
0.0856219
0.0890449
0.0922525
0.0952694
0.0981165
0.100811
0.10337
0.105804
0.108126
0.110346
0.112473
0.114514
0.116476
0.118366
0.120189
0.12195
0.123653
0.125304
0.126905
0.128459
0.129971
0.131442
0.132875
0.134273
0.135638
0.136972
0.138276
0.139552
0.140803
0.142028
0.143231
0.144411
0.14557
0.14671
0.14783
0.148933
0.150018
0.151088
0.152142
0.153181
0.154206
0.155217
0.156216
0.157202
0.158176
0.159139
0.160091
0.161032
0.161964
0.162886
0.163798
0.164701
0.165596
0.166482
0.16736
0.168231
0.169093
0.169949
0.170797
0.171638
0.172473
0.173301
0.174123
0.174939
0.175749
0.176553
0.177351
0.178144
0.178931
0.179713
0.180491
0.181263
0.18203
0.182793
0.183551
0.184304
0.185053
0.185797
0.186538
0.187274
0.188006
0.188734
0.189458
0.190178
0.190895
0.191607
0.192317
0.193022
0.193724
0.194422
0.195118
0.195809
0.196498
0.197183
0.197865
0.198543
0.199219
0.199892
0.200561
0.201228
0.201892
0.202552
0.20321
0.203865
0.204518
0.205167
0.205814
0.206458
0.2071
0.207738
0.208375
0.209008
0.20964
0.210268
0.210895
0.211518
0.21214
0.212759
0.213375
0.21399
0.214602
0.215211
0.215819
0.216424
0.217027
0.217628
0.218226
0.218823
0.219417
0.220009
0.220599
0.221187
0.221773
0.222357
0.222939
0.223519
0.224097
0.224673
0.225247
0.225819
0.226389
0.226957
0.227524
0.228088
0.228651
0.229212
0.229771
0.230328
0.230883
0.231437
0.231989
0.232539
0.233087
0.233634
0.234179
0.234722
0.235263
0.235803
0.236342
0.236878
0.237413
0.237946
0.238478
0.239008
0.239537
0.240064
0.240589
0.241113
0.241635
0.242156
0.242675
0.243193
0.243709
0.244224
0.244737
0.245249
0.24576
0.246269
0.246776
0.247282
0.247787
0.24829
