0
0
1.14263e-14
7.21078e-07
0.000262401
0.00344981
0.01361
0.03125
0.0538879
0.0785074
0.102913
0.125973
0.147389
0.167321
0.186066
0.203861
0.220857
0.23715
0.252807
0.267881
0.282415
0.296447
0.31001
0.323133
0.335843
0.348165
0.360121
0.371732
0.383016
0.393992
0.404676
0.415083
0.425227
0.435121
0.444777
0.454207
0.463421
0.472429
0.48124
0.489863
0.498306
0.506576
0.514681
0.522628
0.530422
0.53807
0.545578
0.552949
0.560191
0.567307
0.574301
0.581178
0.587943
0.594598
0.601148
0.607595
0.613944
0.620196
0.626356
0.632426
0.638409
0.644307
0.650122
0.655858
0.661515
0.667098
0.672606
0.678044
0.683411
0.688711
0.693945
0.699114
0.70422
0.709265
0.714251
0.719178
0.724048
0.728862
0.733622
0.738329
0.742985
0.747589
0.752144
0.756651
0.76111
0.765523
0.76989
0.774213
0.778492
0.782729
0.786923
0.791077
0.795191
0.799266
0.803302
0.8073
0.811261
0.815186
0.819076
0.82293
0.82675
0.830537
0.83429
0.838011
0.841701
0.845359
0.848986
0.852583
0.856151
0.85969
0.8632
0.866682
0.870136
0.873563
0.876964
0.880339
0.883688
0.887011
0.89031
0.893584
0.896834
0.90006
0.903264
0.906444
0.909602
0.912737
0.915851
0.918943
0.922014
0.925065
0.928095
0.931104
0.934094
0.937065
0.940016
0.942948
0.945861
0.948757
0.951634
0.954493
0.957335
0.960159
0.962966
0.965757
0.968531
0.971288
0.97403
0.976755
0.979466
0.98216
0.98484
0.987504
0.990154
0.992789
0.99541
0.998016
1.00061
1.00319
1.00575
1.00831
1.01084
1.01337
1.01588
1.01838
1.02087
1.02334
1.02581
1.02826
1.0307
1.03312
1.03554
1.03794
1.04034
1.04272
1.04509
1.04745
1.0498
1.05214
1.05447
1.05678
1.05909
1.06139
1.06367
1.06595
1.06822
1.07048
1.07273
1.07497
1.0772
1.07942
1.08163
1.08383
1.08602
1.08821
1.09038
1.09255
1.09471
1.09686
1.09901
1.10114
1.10327
