0
0
4.65353e-15
2.93669e-07
0.000106798
0.00138062
0.00524441
0.0116976
0.019847
0.0286191
0.0372031
0.0451332
0.052256
0.058611
0.0643163
0.069484
0.0742033
0.0785419
0.0825547
0.0862846
0.0897677
0.093033
0.0961052
0.0990048
0.10175
0.104355
0.106833
0.109196
0.111454
0.113616
0.11569
0.117683
0.1196
0.121449
0.123233
0.124958
0.126627
0.128245
0.129815
0.13134
0.132823
0.134267
0.135675
0.137047
0.138388
0.139697
0.140978
0.142232
0.14346
0.144663
0.145844
0.147003
0.148141
0.14926
0.15036
0.151442
0.152508
0.153557
0.154591
0.15561
0.156615
0.157607
0.158586
0.159552
0.160507
0.16145
0.162383
0.163305
0.164216
0.165118
0.166011
0.166894
0.167769
0.168635
0.169494
0.170344
0.171186
0.172021
0.172849
0.17367
0.174484
0.175291
0.176092
0.176887
0.177675
0.178458
0.179235
0.180006
0.180772
0.181532
0.182288
0.183038
0.183783
0.184523
0.185258
0.185989
0.186715
0.187437
0.188154
0.188867
0.189575
0.19028
0.19098
0.191677
0.192369
0.193058
0.193743
0.194424
0.195101
0.195775
0.196445
0.197112
0.197775
0.198435
0.199092
0.199746
0.200396
0.201043
0.201687
0.202327
0.202965
0.2036
0.204232
0.204861
0.205487
0.20611
0.20673
0.207348
0.207962
0.208575
0.209184
0.209791
0.210395
0.210997
0.211596
0.212193
0.212787
0.213379
0.213968
0.214555
0.215139
0.215722
0.216302
0.216879
0.217455
0.218028
0.218599
0.219167
0.219734
0.220298
0.220861
0.221421
0.221979
0.222535
0.223089
0.223641
0.224191
0.22474
0.225286
0.22583
0.226372
0.226913
0.227451
0.227988
0.228523
0.229056
0.229587
0.230117
0.230644
0.23117
0.231694
0.232217
0.232738
0.233257
0.233774
0.23429
0.234804
0.235316
0.235827
0.236336
0.236844
0.23735
0.237855
0.238358
0.238859
0.239359
0.239857
0.240354
0.24085
0.241344
0.241836
0.242327
0.242817
0.243305
0.243792
0.244278
0.244762
0.245244
0.245726
0.246205
0.246684
