0
0
1.27884e-14
8.07035e-07
0.000293764
0.00391487
0.0166161
0.0425319
0.0798635
0.121862
0.161912
0.19622
0.223826
0.245572
0.262978
0.277425
0.289832
0.300731
0.310438
0.319161
0.327052
0.334223
0.340766
0.346755
0.352251
0.357306
0.361965
0.366266
0.370243
0.373924
0.377335
0.3805
0.383438
0.386168
0.388705
0.391065
0.393261
0.395305
0.397207
0.398978
0.400627
0.402162
0.403591
0.404921
0.406159
0.40731
0.408381
0.409376
0.4103
0.411159
0.411955
0.412693
0.413376
0.414009
0.414593
0.415132
0.415629
0.416087
0.416507
0.416892
0.417244
0.417566
0.417858
0.418123
0.418363
0.418579
0.418772
0.418944
0.419096
0.419229
0.419346
0.419445
0.41953
0.4196
0.419656
0.4197
0.419732
0.419753
0.419764
0.419765
0.419757
0.41974
0.419716
0.419684
0.419646
0.419601
0.41955
0.419494
0.419433
0.419367
0.419297
0.419223
0.419145
0.419064
0.41898
0.418893
0.418803
0.418711
0.418617
0.418522
0.418424
0.418325
0.418225
0.418123
0.418021
0.417917
0.417813
0.417709
0.417604
0.417498
0.417393
0.417287
0.417181
0.417075
0.41697
0.416865
0.41676
0.416655
0.416551
0.416447
0.416344
0.416242
0.41614
0.416039
0.415939
0.415839
0.415741
0.415643
0.415546
0.41545
0.415355
0.415261
0.415168
0.415076
0.414985
0.414895
0.414807
0.414719
0.414632
0.414547
0.414463
0.41438
0.414298
0.414217
0.414137
0.414059
0.413982
0.413905
0.413831
0.413757
0.413684
0.413613
0.413543
0.413474
0.413406
0.413339
0.413274
0.41321
0.413147
0.413085
0.413024
0.412964
0.412906
0.412849
0.412792
0.412737
0.412683
0.412631
0.412579
0.412528
0.412479
0.412431
0.412383
0.412337
0.412292
0.412248
0.412205
0.412163
0.412122
0.412082
0.412044
0.412006
0.411969
0.411933
0.411898
0.411865
0.411832
0.4118
0.411769
0.411739
0.41171
0.411682
0.411655
0.411628
0.411603
0.411579
0.411555
0.411532
0.411511
0.41149
0.41147
