0
0
2.13322e-14
1.34621e-06
0.000490453
0.00664514
0.0281366
0.0699155
0.129956
0.202785
0.282757
0.365644
0.448987
0.531776
0.613817
0.695188
0.775985
0.856293
0.936168
1.01568
1.09485
1.17376
1.25236
1.33085
1.40897
1.48742
1.56546
1.64619
1.72968
1.83515
1.99174
2.34506
3.16971
5.10375
9.07112
16.9297
32.0105
60.9459
116.224
222.029
424.506
812.455
1556.16
2983.1
5722.71
10986.3
21105.7
40572.7
78044.3
150214
289290
557440
1.07472e+06
2.07308e+06
4.00085e+06
7.72498e+06
1.49225e+07
2.8839e+07
5.57579e+07
1.07848e+08
2.08686e+08
4.03965e+08
7.82272e+08
1.51541e+09
2.93668e+09
5.69289e+09
1.10396e+10
2.14149e+10
4.15541e+10
8.06576e+10
1.56605e+11
3.04153e+11
5.90883e+11
1.14823e+12
2.2319e+12
4.33943e+12
8.4392e+12
1.64164e+13
3.19418e+13
6.21646e+13
1.21012e+14
2.35619e+14
4.58868e+14
8.9384e+14
1.7415e+15
3.39371e+15
6.61478e+15
1.28956e+16
2.51449e+16
4.9039e+16
9.56561e+16
1.86622e+17
3.64158e+17
7.10711e+17
1.3873e+18
2.70844e+18
5.28858e+18
1.03283e+19
2.01738e+19
3.94105e+19
7.70022e+19
1.50473e+20
2.94088e+20
5.74854e+20
1.12383e+21
2.19736e+21
4.29696e+21
8.40386e+21
1.64382e+22
3.21576e+22
6.2917e+22
1.23114e+23
2.40933e+23
4.71563e+23
9.23066e+23
1.80707e+24
3.53809e+24
6.92802e+24
1.35674e+25
2.65725e+25
5.2049e+25
1.01962e+26
1.9976e+26
3.91401e+26
7.66969e+26
1.50306e+27
2.94588e+27
5.77425e+27
1.13192e+28
2.2191e+28
4.35085e+28
8.53122e+28
1.67296e+29
3.28092e+29
6.43493e+29
1.2622e+30
2.47597e+30
4.85733e+30
9.52981e+30
1.86984e+31
3.66909e+31
7.20018e+31
1.41306e+32
2.77339e+32
5.44365e+32
1.06857e+33
2.09769e+33
4.11824e+33
8.08558e+33
1.58759e+34
3.11742e+34
6.1218e+34
1.20224e+35
2.36118e+35
4.63761e+35
9.10931e+35
1.78938e+36
3.51516e+36
6.90578e+36
1.35677e+37
2.66576e+37
5.23795e+37
1.02926e+38
2.02261e+38
3.97488e+38
7.8119e+38
1.53537e+39
3.01779e+39
5.93182e+39
1.16603e+40
2.29218e+40
4.50621e+40
8.8592e+40
1.7418e+41
3.42468e+41
6.73384e+41
1.32411e+42
2.60379e+42
5.12041e+42
1.00699e+43
1.98043e+43
3.89507e+43
7.66104e+43
1.50688e+44
2.96405e+44
5.83057e+44
1.14697e+45
2.25638e+45
4.43902e+45
8.73329e+45
1.71825e+46
3.38072e+46
6.65193e+46
1.30889e+47
2.57556e+47
5.06824e+47
9.97371e+47
1.96278e+48
3.86278e+48
7.60227e+48
1.49624e+49
