0
0
2.05594e-14
1.29744e-06
0.000472583
0.00636735
0.0265973
0.0649502
0.118435
0.181142
0.247444
0.313372
0.376787
0.436956
0.493898
0.547854
0.599056
0.647703
0.693967
0.738004
0.779952
0.819939
0.85808
0.894483
0.929247
0.962463
0.994218
1.02459
1.05365
1.08147
1.10812
1.13366
1.15814
1.18162
1.20414
1.22576
1.24653
1.26648
1.28565
1.30409
1.32182
1.33889
1.35532
1.37115
1.3864
1.40111
1.41529
1.42897
1.44218
1.45494
1.46726
1.47918
1.4907
1.50185
1.51264
1.52309
1.53322
1.54303
1.55255
1.56179
1.57076
1.57946
1.58793
1.59615
1.60415
1.61194
1.61952
1.6269
1.6341
1.64111
1.64795
1.65463
1.66115
1.66752
1.67375
1.67984
1.68579
1.69162
1.69733
1.70292
1.7084
1.71377
1.71904
1.72421
1.72929
1.73428
1.73918
1.744
1.74875
1.75341
1.758
1.76252
1.76698
1.77137
1.7757
1.77997
1.78418
1.78834
1.79244
1.7965
1.8005
1.80446
1.80837
1.81224
1.81607
1.81986
1.82362
1.82733
1.83101
1.83466
1.83827
1.84185
1.8454
1.84892
1.85242
1.85588
1.85932
1.86274
1.86613
1.8695
1.87284
1.87617
1.87947
1.88275
1.88602
1.88926
1.89249
1.8957
1.89889
1.90207
1.90523
1.90838
1.91151
1.91463
1.91773
1.92082
1.9239
1.92697
1.93002
1.93307
1.9361
1.93912
1.94213
1.94513
1.94813
1.95111
1.95408
1.95705
1.96
1.96295
1.96589
1.96883
1.97175
1.97467
1.97758
1.98049
1.98339
1.98628
1.98916
1.99204
1.99492
1.99779
2.00065
2.00351
2.00636
2.00921
2.01206
2.01489
2.01773
2.02056
2.02339
2.02621
2.02903
2.03184
2.03465
2.03746
2.04026
2.04306
2.04586
2.04865
2.05144
2.05423
2.05701
2.05979
2.06257
2.06535
2.06812
2.07089
2.07366
2.07642
2.07919
2.08195
2.08471
2.08746
2.09022
2.09297
2.09572
2.09847
2.10121
2.10396
2.1067
