0
0
2.0611e-14
1.30069e-06
0.000473777
0.00638672
0.0267117
0.0653389
0.119374
0.182964
0.250499
0.318
0.383305
0.445657
0.505055
0.561718
0.615864
0.667675
0.717313
0.76492
0.810626
0.854549
0.896797
0.937469
0.976658
1.01445
1.05092
1.08615
1.1202
1.15314
1.18503
1.21593
1.24588
1.27494
1.30316
1.33058
1.35724
1.38318
1.40844
1.43306
1.45706
1.48048
1.50334
1.52568
1.54752
1.56889
1.58982
1.61031
1.6304
1.6501
1.66944
1.68843
1.7071
1.72544
1.74349
1.76126
1.77875
1.79599
1.81299
1.82975
1.84629
1.86263
1.87876
1.89471
1.91047
1.92606
1.94149
1.95677
1.97189
1.98688
2.00173
2.01646
2.03106
2.04555
2.05993
2.0742
2.08837
2.10245
2.11644
2.13034
2.14417
2.15791
2.17158
2.18518
2.19871
2.21218
2.22559
2.23894
2.25223
2.26547
2.27866
2.29181
2.3049
2.31796
2.33097
2.34395
2.35688
2.36978
2.38265
2.39548
2.40829
2.42106
2.43381
2.44653
2.45922
2.47189
2.48454
2.49716
2.50977
2.52235
2.53492
2.54746
2.55999
2.57251
2.585
2.59749
2.60995
2.62241
2.63485
2.64728
2.6597
2.6721
2.6845
2.69688
2.70926
2.72163
2.73398
2.74633
2.75867
2.77101
2.78333
2.79565
2.80796
2.82027
2.83257
2.84487
2.85716
2.86944
2.88172
2.89399
2.90626
2.91853
2.93079
2.94305
2.9553
2.96755
2.9798
2.99204
3.00428
3.01652
3.02876
3.04099
3.05322
3.06545
3.07767
3.08989
3.10211
3.11433
3.12655
3.13877
3.15098
3.16319
3.1754
3.18761
3.19982
3.21202
3.22423
3.23643
3.24863
3.26083
3.27303
3.28523
3.29743
3.30963
3.32183
3.33402
3.34621
3.35841
3.3706
3.38279
3.39499
3.40718
3.41937
3.43156
3.44375
3.45593
3.46812
3.48031
3.4925
3.50468
3.51687
3.52906
3.54124
3.55342
3.56561
3.57779
3.58998
3.60216
3.61434
3.62653
3.63871
