0
0
1.27884e-14
8.07035e-07
0.000293732
0.00390011
0.0163251
0.0410168
0.0757072
0.113773
0.149077
0.17835
0.201033
0.218196
0.231436
0.242114
0.251099
0.258872
0.265709
0.271786
0.277225
0.28212
0.286542
0.290553
0.294203
0.297534
0.300582
0.30338
0.305954
0.30833
0.310527
0.312565
0.314459
0.316224
0.317874
0.319418
0.320868
0.322231
0.323517
0.324733
0.325884
0.326976
0.328015
0.329006
0.329952
0.330857
0.331725
0.332558
0.33336
0.334133
0.334879
0.3356
0.336299
0.336976
0.337634
0.338274
0.338897
0.339504
0.340097
0.340676
0.341242
0.341797
0.34234
0.342872
0.343395
0.343909
0.344413
0.344909
0.345398
0.345879
0.346352
0.346819
0.34728
0.347734
0.348183
0.348625
0.349063
0.349495
0.349922
0.350344
0.350761
0.351174
0.351582
0.351986
0.352386
0.352782
0.353173
0.353561
0.353945
0.354325
0.354702
0.355075
0.355444
0.355811
0.356173
0.356532
0.356888
0.357241
0.357591
0.357937
0.35828
0.35862
0.358957
0.359291
0.359623
0.359951
0.360276
0.360598
0.360918
0.361234
0.361548
0.361859
0.362168
0.362473
0.362776
0.363076
0.363374
0.363669
0.363961
0.364251
0.364538
0.364823
0.365105
0.365385
0.365662
0.365937
0.366209
0.366479
0.366747
0.367012
0.367274
0.367535
0.367793
0.368049
0.368303
0.368554
0.368803
0.36905
0.369295
0.369537
0.369778
0.370016
0.370252
0.370486
0.370718
0.370948
0.371176
0.371402
0.371626
0.371847
0.372067
0.372285
0.372502
0.372716
0.372928
0.373138
0.373347
0.373554
0.373759
0.373962
0.374163
0.374363
0.374561
0.374757
0.374951
0.375144
0.375335
0.375524
0.375712
0.375898
0.376083
0.376266
0.376447
0.376627
0.376805
0.376982
0.377157
0.377331
0.377503
0.377674
0.377843
0.378011
0.378177
0.378343
0.378506
0.378669
0.378829
0.378989
0.379147
0.379304
0.37946
0.379614
0.379767
0.379919
0.38007
0.380219
0.380367
0.380514
0.38066
0.380804
0.380948
