0
0
2.05592e-14
1.29743e-06
0.000472579
0.0063673
0.026597
0.0649492
0.118433
0.181138
0.247437
0.313361
0.376772
0.436935
0.493872
0.547821
0.599016
0.647655
0.693912
0.73794
0.779879
0.819856
0.857987
0.89438
0.929134
0.962339
0.994082
1.02444
1.05349
1.0813
1.10794
1.13346
1.15793
1.1814
1.20391
1.22552
1.24627
1.26621
1.28537
1.30379
1.32151
1.33856
1.35498
1.3708
1.38603
1.40072
1.41489
1.42856
1.44175
1.4545
1.46681
1.47871
1.49022
1.50135
1.51213
1.52257
1.53268
1.54248
1.55198
1.56121
1.57016
1.57885
1.5873
1.59551
1.6035
1.61127
1.61883
1.6262
1.63338
1.64038
1.64721
1.65387
1.66038
1.66673
1.67295
1.67902
1.68496
1.69077
1.69646
1.70204
1.70751
1.71286
1.71812
1.72328
1.72834
1.73332
1.73821
1.74301
1.74774
1.75239
1.75696
1.76147
1.76591
1.77029
1.7746
1.77885
1.78305
1.78719
1.79128
1.79532
1.79931
1.80326
1.80716
1.81101
1.81483
1.8186
1.82234
1.82604
1.8297
1.83333
1.83693
1.8405
1.84403
1.84754
1.85102
1.85447
1.85789
1.86129
1.86467
1.86802
1.87135
1.87466
1.87795
1.88122
1.88446
1.88769
1.89091
1.8941
1.89728
1.90044
1.90358
1.90671
1.90983
1.91293
1.91602
1.9191
1.92216
1.92521
1.92825
1.93128
1.93429
1.9373
1.9403
1.94328
1.94626
1.94923
1.95218
1.95513
1.95807
1.96101
1.96393
1.96685
1.96976
1.97266
1.97556
1.97844
1.98133
1.9842
1.98707
1.98994
1.9928
1.99565
1.9985
2.00134
2.00418
2.00701
2.00984
2.01266
2.01548
2.01829
2.0211
2.02391
2.02671
2.02951
2.0323
2.03509
2.03788
2.04066
2.04344
2.04622
2.04899
2.05176
2.05453
2.0573
2.06006
2.06282
2.06557
2.06833
2.07108
2.07383
2.07658
2.07932
2.08206
2.0848
2.08754
2.09028
2.09301
2.09574
2.09847
2.1012
2.10392
