0
0
1.27884e-14
8.07035e-07
0.000293656
0.00385981
0.0154201
0.036074
0.0622924
0.0887074
0.111411
0.128938
0.141649
0.15075
0.157509
0.162826
0.167207
0.170916
0.174112
0.176902
0.179362
0.181555
0.183526
0.185314
0.186948
0.188451
0.189843
0.19114
0.192355
0.193497
0.194575
0.195598
0.196569
0.197495
0.19838
0.199228
0.20004
0.200821
0.201573
0.202297
0.202995
0.203669
0.204321
0.204951
0.205561
0.206152
0.206725
0.207281
0.207821
0.208345
0.208854
0.209349
0.20983
0.210299
0.210755
0.2112
0.211633
0.212055
0.212467
0.21287
0.213262
0.213646
0.214021
0.214387
0.214745
0.215096
0.215439
0.215775
0.216104
0.216427
0.216743
0.217053
0.217357
0.217655
0.217948
0.218235
0.218517
0.218795
0.219068
0.219336
0.219599
0.219859
0.220114
0.220365
0.220612
0.220856
0.221095
0.221332
0.221564
0.221794
0.22202
0.222243
0.222464
0.222681
0.222895
0.223106
0.223315
0.223521
0.223725
0.223926
0.224125
0.224321
0.224515
0.224706
0.224896
0.225083
0.225268
0.225451
0.225633
0.225812
0.225989
0.226164
0.226338
0.22651
0.22668
0.226848
0.227015
0.22718
0.227343
0.227505
0.227665
0.227824
0.227981
0.228137
0.228291
0.228444
0.228596
0.228746
0.228895
0.229043
0.229189
0.229334
0.229478
0.22962
0.229762
0.229902
0.230041
0.230179
0.230316
0.230451
0.230586
0.23072
0.230852
0.230984
0.231114
0.231243
0.231372
0.231499
0.231626
0.231751
0.231876
0.232
0.232123
0.232245
0.232366
0.232486
0.232605
0.232724
0.232842
0.232958
0.233074
0.23319
0.233304
0.233418
0.233531
0.233643
0.233755
0.233865
0.233975
0.234085
0.234193
0.234301
0.234408
0.234515
0.234621
0.234726
0.234831
0.234934
0.235038
0.23514
0.235242
0.235344
0.235445
0.235545
0.235645
0.235744
0.235842
0.23594
0.236037
0.236134
0.236231
0.236326
0.236421
0.236516
0.23661
0.236704
0.236797
0.23689
0.236982
0.237074
0.237165
