0
0
4.63722e-15
2.9264e-07
0.000106426
0.00137643
0.00523384
0.011683
0.0198317
0.0286071
0.0371974
0.0451359
0.0522681
0.0586329
0.0643479
0.0695251
0.0742533
0.0786007
0.0826216
0.0863593
0.0898496
0.0931217
0.0962003
0.0991059
0.101856
0.104466
0.10695
0.109318
0.11158
0.113746
0.115823
0.117819
0.11974
0.121591
0.123378
0.125105
0.126777
0.128397
0.129968
0.131495
0.13298
0.134425
0.135834
0.137207
0.138548
0.139859
0.14114
0.142394
0.143623
0.144827
0.146008
0.147167
0.148305
0.149424
0.150524
0.151606
0.152671
0.15372
0.154754
0.155773
0.156778
0.157769
0.158747
0.159713
0.160668
0.16161
0.162542
0.163463
0.164375
0.165276
0.166168
0.167051
0.167925
0.16879
0.169647
0.170497
0.171338
0.172173
0.173
0.17382
0.174633
0.175439
0.176239
0.177033
0.177821
0.178603
0.179379
0.180149
0.180914
0.181674
0.182428
0.183177
0.183921
0.184661
0.185395
0.186125
0.18685
0.187571
0.188287
0.188999
0.189707
0.190411
0.19111
0.191806
0.192498
0.193185
0.193869
0.19455
0.195226
0.195899
0.196569
0.197235
0.197897
0.198557
0.199212
0.199865
0.200514
0.201161
0.201804
0.202444
0.203081
0.203715
0.204346
0.204974
0.205599
0.206222
0.206841
0.207458
0.208072
0.208683
0.209292
0.209898
0.210502
0.211103
0.211701
0.212297
0.212891
0.213482
0.21407
0.214657
0.215241
0.215822
0.216401
0.216978
0.217553
0.218125
0.218696
0.219264
0.21983
0.220394
0.220955
0.221515
0.222072
0.222628
0.223181
0.223733
0.224282
0.22483
0.225375
0.225919
0.226461
0.227
0.227538
0.228075
0.228609
0.229141
0.229672
0.230201
0.230728
0.231253
0.231777
0.232299
0.232819
0.233338
0.233854
0.23437
0.234883
0.235395
0.235905
0.236414
0.236921
0.237427
0.237931
0.238433
0.238934
0.239434
0.239931
0.240428
0.240923
0.241416
0.241908
0.242399
0.242888
0.243376
0.243862
0.244347
0.244831
0.245313
0.245794
0.246273
0.246751
