0
0
5.04771e-15
3.18544e-07
0.000116063
0.00157593
0.00670695
0.0167705
0.0313768
0.049279
0.0691456
0.0899525
0.111083
0.132262
0.153413
0.17453
0.195618
0.21668
0.23772
0.25874
0.27974
0.300724
0.321691
0.342644
0.363582
0.384507
0.40542
0.426321
0.447211
0.468089
0.488958
0.509816
0.530665
0.551504
0.572334
0.593156
0.613969
0.634774
0.655572
0.676361
0.697143
0.717917
0.738685
0.759445
0.780198
0.800945
0.821685
0.842418
0.863146
0.883867
0.904581
0.92529
0.945993
0.96669
0.987382
1.00807
1.02875
1.04942
1.07009
1.09076
1.11141
1.13207
1.15272
1.17336
1.194
1.21463
1.23526
1.25588
1.2765
1.29712
1.31773
1.33833
1.35893
1.37953
1.40012
1.42071
1.44129
1.46187
1.48244
1.50301
1.52357
1.54414
1.56469
1.58524
1.60579
1.62634
1.64688
1.66741
1.68795
1.70847
1.729
1.74952
1.77003
1.79055
1.81106
1.83156
1.85206
1.87256
1.89305
1.91354
1.93403
1.95451
1.97499
1.99546
2.01594
2.0364
2.05687
2.07733
2.09779
2.11824
2.13869
2.15914
2.17958
2.20002
2.22045
2.24089
2.26132
2.28174
2.30217
2.32258
2.343
2.36341
2.38382
2.40423
2.42463
2.44503
2.46543
2.48582
2.50621
2.5266
2.54698
2.56736
2.58774
2.60811
2.62848
2.64885
2.66921
2.68957
2.70993
2.73029
2.75064
2.77099
2.79133
2.81168
2.83202
2.85235
2.87269
2.89302
2.91335
2.93367
2.95399
2.97431
2.99463
3.01494
3.03525
3.05556
3.07586
3.09616
3.11646
3.13676
3.15705
3.17734
3.19763
3.21791
3.23819
3.25847
3.27874
3.29902
3.31929
3.33955
3.35982
3.38008
3.40034
3.42059
3.44085
3.4611
3.48134
3.50159
3.52183
3.54207
3.56231
3.58254
3.60277
3.623
3.64323
3.66345
3.68367
3.70389
3.7241
3.74431
3.76452
3.78473
3.80494
3.82514
3.84534
3.86553
3.88573
3.90592
3.92611
3.94629
3.96648
