0
0
1.68328e-14
1.06226e-06
0.000387046
0.00525824
0.0224057
0.0560973
0.105076
0.165189
0.231976
0.301994
0.373161
0.444539
0.515863
0.587107
0.658281
0.729394
0.800454
0.871466
0.942433
1.01336
1.08425
1.1551
1.22592
1.2967
1.36745
1.43818
1.50887
1.57954
1.65017
1.72078
1.79137
1.86193
1.93246
2.00297
2.07345
2.14391
2.21434
2.28476
2.35514
2.42551
2.49585
2.56617
2.63647
2.70675
2.777
2.84723
2.91744
2.98763
3.0578
3.12795
3.19807
3.26818
3.33826
3.40833
3.47837
3.54839
3.6184
3.68838
3.75834
3.82829
3.89821
3.96811
4.038
4.10786
4.17771
4.24753
4.31734
4.38713
4.4569
4.52665
4.59638
4.66609
4.73579
4.80545
4.87512
4.94475
5.01437
5.08396
5.15356
5.2231
5.29267
5.36217
5.43171
5.50118
5.57069
5.64011
5.70961
5.77899
5.8485
5.91785
5.98739
6.05672
6.12636
6.19574
6.2656
6.33516
6.40548
6.47553
6.54685
6.61809
6.69156
6.76553
6.8436
6.92377
7.01176
7.10572
7.21509
7.3393
7.49446
7.68379
7.93505
8.25985
8.70464
9.29529
10.1033
11.1729
12.6027
14.4569
16.8634
19.9158
23.784
28.6133
34.6425
42.1038
51.3443
62.7314
76.7777
94.0567
115.332
141.488
173.668
213.229
261.89
321.719
395.313
485.819
597.163
734.131
902.667
1110.05
1365.28
1679.42
2066.15
2542.25
3128.5
3850.43
4739.59
5834.81
7184.03
8846.33
10894.6
13418.8
16529.9
20364.6
25091.9
30920.1
38106.4
46968.2
57897.4
71377.5
88005.8
108520
133829
165059
203597
251158
309861
382322
471775
582213
718571
886947
1.09488e+06
1.35168e+06
1.66886e+06
2.06065e+06
2.54464e+06
3.14258e+06
3.88135e+06
4.79418e+06
5.92218e+06
7.31618e+06
9.03901e+06
1.11684e+07
1.38005e+07
1.70543e+07
2.10767e+07
2.60497e+07
3.21985e+07
3.98015e+07
4.92032e+07
6.083e+07
7.52092e+07
9.29937e+07
1.14991e+08
1.42201e+08
1.75861e+08
2.17503e+08
2.69021e+08
