0
0
9.64279e-15
6.08525e-07
0.000221382
0.0028895
0.0111959
0.0251391
0.0423023
0.0600218
0.0764742
0.0908248
0.102991
0.1133
0.12218
0.129982
0.136946
0.143244
0.148998
0.154304
0.159234
0.163846
0.168185
0.17229
0.17619
0.179912
0.183477
0.186902
0.190202
0.193392
0.196481
0.19948
0.202397
0.205239
0.208012
0.210723
0.213377
0.215978
0.218529
0.221035
0.223499
0.225923
0.228311
0.230663
0.232984
0.235274
0.237537
0.239771
0.241982
0.244167
0.24633
0.248471
0.250592
0.252693
0.254777
0.256841
0.25889
0.260921
0.262939
0.264939
0.26693
0.268902
0.270866
0.272812
0.274754
0.276676
0.278598
0.280499
0.282403
0.284286
0.286177
0.288046
0.289931
0.291792
0.293681
0.295547
0.297458
0.299349
0.301315
0.303271
0.305348
0.307443
0.309739
0.31211
0.314817
0.317722
0.321197
0.325104
0.329992
0.335755
0.3432
0.352309
0.364261
0.379195
0.398774
0.423355
0.455147
0.494751
0.544918
0.606531
0.682903
0.775341
0.887877
1.02255
1.18443
1.37675
1.60604
1.8773
2.19919
2.57918
3.02887
3.55924
4.18598
4.92496
5.79758
6.8265
8.04111
9.47355
11.1644
13.159
15.5134
18.2917
21.5717
25.4432
30.0147
35.4121
41.7866
49.3148
58.2078
68.7131
81.1257
95.7924
113.126
133.612
157.828
186.455
220.303
260.326
307.656
363.635
429.849
508.178
600.849
710.498
840.251
993.808
1175.56
1390.69
1645.37
1946.89
2303.9
2726.66
3227.32
3820.29
4522.65
5354.65
6340.33
7508.15
8891.91
10531.7
12474.9
14778.1
17508.1
20744.1
24580.5
29128.8
34521.6
40916.2
48499.3
57492.5
68158.8
80810.3
95817.7
113621
134742
159802
189536
224819
266690
316381
375357
445358
528450
627088
744185
883207
1.04827e+06
1.24426e+06
1.47698e+06
1.75334e+06
2.08154e+06
2.47133e+06
2.93428e+06
3.48417e+06
4.13734e+06
4.91325e+06
5.835e+06
6.93006e+06
8.23109e+06
9.77691e+06
1.16137e+07
