0
0
9.12033e-15
5.75554e-07
0.000209435
0.00275012
0.0108076
0.0246227
0.0419747
0.0602645
0.0776321
0.0931659
0.106701
0.118497
0.128936
0.138338
0.146929
0.154868
0.162271
0.169227
0.175806
0.182062
0.188039
0.193775
0.199299
0.204635
0.209804
0.214824
0.219709
0.224473
0.229126
0.233678
0.238137
0.242511
0.246805
0.251025
0.255177
0.259264
0.263292
0.267262
0.271179
0.275046
0.278864
0.282638
0.286367
0.290056
0.293705
0.297316
0.30089
0.30443
0.307937
0.311411
0.314854
0.318268
0.321652
0.325008
0.328337
0.331639
0.334916
0.338169
0.341397
0.344601
0.347783
0.350942
0.35408
0.357196
0.360292
0.363368
0.366424
0.36946
0.372478
0.375477
0.378458
0.381422
0.384368
0.387297
0.390209
0.393105
0.395985
0.398849
0.401698
0.404531
0.407349
0.410153
0.412943
0.415718
0.418479
0.421226
0.42396
0.42668
0.429387
0.432082
0.434763
0.437432
0.440089
0.442734
0.445366
0.447987
0.450596
0.453193
0.455779
0.458354
0.460918
0.463471
0.466013
0.468544
0.471065
0.473575
0.476076
0.478566
0.481046
0.483516
0.485977
0.488427
0.490869
0.493301
0.495723
0.498136
0.500541
0.502936
0.505322
0.5077
0.510068
0.512428
0.51478
0.517123
0.519458
0.521785
0.524103
0.526413
0.528716
0.53101
0.533297
0.535575
0.537846
0.54011
0.542366
0.544614
0.546855
0.549089
0.551315
0.553535
0.555747
0.557952
0.56015
0.562341
0.564526
0.566703
0.568874
0.571038
0.573196
0.575347
0.577491
0.579629
0.581761
0.583886
0.586005
0.588118
0.590224
0.592325
0.594419
0.596508
0.59859
0.600667
0.602737
0.604802
0.606861
0.608914
0.610962
0.613004
0.61504
0.617071
0.619097
0.621116
0.623131
0.62514
0.627144
0.629142
0.631135
0.633123
0.635106
0.637084
0.639056
0.641024
0.642986
0.644944
0.646896
0.648844
0.650786
0.652724
0.654657
0.656586
0.658509
0.660428
0.662342
0.664252
0.666156
0.668057
0.669952
0.671844
0.67373
