0
0
5.06461e-14
3.19611e-06
0.00116147
0.0147026
0.0521962
0.103695
0.152501
0.189298
0.212582
0.225067
0.230748
0.233117
0.234317
0.235186
0.235915
0.236548
0.237109
0.237614
0.238073
0.238497
0.23889
0.239259
0.239606
0.239936
0.240251
0.240552
0.240842
0.241122
0.241393
0.241655
0.24191
0.242159
0.242401
0.242638
0.24287
0.243097
0.24332
0.243539
0.243754
0.243965
0.244174
0.244379
0.244581
0.244781
0.244978
0.245173
0.245366
0.245556
0.245744
0.245931
0.246115
0.246298
0.246479
0.246659
0.246837
0.247013
0.247189
0.247363
0.247536
0.247707
0.247878
0.248047
0.248216
0.248383
0.24855
0.248715
0.24888
0.249044
0.249207
0.24937
0.249532
0.249693
0.249853
0.250013
0.250172
0.250331
0.250489
0.250647
0.250804
0.25096
0.251117
0.251272
0.251428
0.251583
0.251737
0.251891
0.252045
0.252199
0.252352
0.252504
0.252657
0.252809
0.252961
0.253113
0.253264
0.253415
0.253566
0.253717
0.253868
0.254018
0.254168
0.254318
0.254468
0.254618
0.254767
0.254916
0.255065
0.255214
0.255363
0.255512
0.255661
0.255809
0.255957
0.256106
0.256254
0.256402
0.25655
0.256698
0.256846
0.256993
0.257141
0.257289
0.257436
0.257584
0.257731
0.257878
0.258026
0.258173
0.25832
0.258467
0.258614
0.258761
0.258909
0.259056
0.259202
0.259349
0.259496
0.259643
0.25979
0.259937
0.260084
0.260231
0.260377
0.260524
0.260671
0.260818
0.260964
0.261111
0.261258
0.261405
0.261551
0.261698
0.261845
0.261992
0.262138
0.262285
0.262432
0.262578
0.262725
0.262872
0.263019
0.263165
0.263312
0.263459
0.263606
0.263753
0.263899
0.264046
0.264193
0.26434
0.264487
0.264634
0.26478
0.264927
0.265074
0.265221
0.265368
0.265515
0.265662
0.265809
0.265956
0.266103
0.26625
0.266397
0.266544
0.266691
0.266838
0.266986
0.267133
0.26728
0.267427
0.267574
0.267721
0.267869
0.268016
0.268163
0.26831
0.268458
0.268605
