0
0
9.55578e-15
6.03034e-07
0.00021939
0.00286558
0.0111206
0.0250027
0.0421126
0.0597968
0.0762339
0.0905863
0.102767
0.113096
0.122
0.129826
0.136815
0.143135
0.148912
0.154238
0.159187
0.163817
0.168173
0.172293
0.176208
0.179942
0.183519
0.186955
0.190266
0.193464
0.196562
0.199569
0.202493
0.205341
0.208121
0.210837
0.213496
0.216101
0.218656
0.221166
0.223633
0.226059
0.228449
0.230804
0.233127
0.235419
0.237682
0.239918
0.242128
0.244314
0.246477
0.248618
0.250738
0.252839
0.254921
0.256985
0.259032
0.261063
0.263078
0.265078
0.267064
0.269035
0.270994
0.27294
0.274874
0.276795
0.278706
0.280605
0.282494
0.284372
0.286241
0.288099
0.28995
0.291789
0.293622
0.295444
0.29726
0.299065
0.300866
0.302656
0.304442
0.306217
0.307989
0.30975
0.31151
0.313258
0.315007
0.316742
0.318481
0.320205
0.321935
0.32365
0.325374
0.327082
0.328803
0.330507
0.332231
0.333936
0.33567
0.337386
0.339141
0.340881
0.342677
0.344463
0.34633
0.348199
0.350185
0.352196
0.35438
0.356629
0.359135
0.361777
0.364807
0.368092
0.371964
0.376288
0.381506
0.387491
0.39483
0.403425
0.414048
0.426652
0.442234
0.460814
0.483642
0.510818
0.543843
0.582908
0.629762
0.684702
0.749737
0.825332
0.913796
1.01587
1.13424
1.27007
1.42657
1.60547
1.81068
2.0447
2.31233
2.61712
2.96502
3.36092
3.81229
4.32577
4.91076
5.57617
6.33396
7.19595
8.1774
9.29394
10.5651
12.0115
13.6582
15.5321
17.6657
20.0942
22.8594
26.0073
29.5922
33.6739
38.3227
43.6168
49.6471
56.5157
64.3404
73.2541
83.4101
94.9814
108.167
123.192
140.316
159.832
182.076
207.432
236.335
269.286
306.852
349.683
398.521
454.21
517.717
590.141
672.742
766.954
874.415
996.995
1136.83
1296.36
1478.36
1686.01
1922.95
2193.31
2501.82
2853.89
3255.69
3714.26
4237.65
4835.05
5516.96
