0
0
4.80372e-15
3.03147e-07
0.000110453
0.00149986
0.00638408
0.0159649
0.0298717
0.0469169
0.0658326
0.0856432
0.105762
0.125926
0.146062
0.166167
0.186243
0.206295
0.226324
0.246334
0.266326
0.286302
0.306262
0.326207
0.346139
0.366059
0.385966
0.405862
0.425748
0.445622
0.465487
0.485342
0.505189
0.525026
0.544854
0.564675
0.584487
0.604291
0.624088
0.643878
0.66366
0.683435
0.703203
0.722965
0.74272
0.762469
0.782212
0.801948
0.821678
0.841403
0.861121
0.880834
0.900542
0.920244
0.93994
0.959631
0.979317
0.998998
1.01867
1.03834
1.05801
1.07767
1.09733
1.11698
1.13662
1.15626
1.1759
1.19553
1.21516
1.23479
1.2544
1.27402
1.29363
1.31324
1.33284
1.35244
1.37203
1.39162
1.4112
1.43079
1.45036
1.46994
1.48951
1.50907
1.52863
1.54819
1.56774
1.58729
1.60684
1.62638
1.64592
1.66546
1.68499
1.70452
1.72404
1.74356
1.76308
1.78259
1.8021
1.82161
1.84111
1.86061
1.88011
1.8996
1.91909
1.93858
1.95806
1.97754
1.99702
2.01649
2.03596
2.05543
2.07489
2.09435
2.11381
2.13326
2.15271
2.17216
2.1916
2.21104
2.23048
2.24991
2.26934
2.28877
2.3082
2.32762
2.34704
2.36646
2.38587
2.40528
2.42469
2.44409
2.46349
2.48289
2.50229
2.52168
2.54107
2.56045
2.57984
2.59922
2.6186
2.63797
2.65734
2.67671
2.69608
2.71544
2.73481
2.75416
2.77352
2.79287
2.81222
2.83157
2.85091
2.87026
2.88959
2.90893
2.92826
2.94759
2.96692
2.98625
3.00557
3.02489
3.04421
3.06352
3.08283
3.10214
3.12145
3.14075
3.16006
3.17936
3.19865
3.21795
3.23724
3.25652
3.27581
3.29509
3.31437
3.33365
3.35293
3.3722
3.39147
3.41074
3.43001
3.44927
3.46853
3.48779
3.50704
3.5263
3.54555
3.5648
3.58404
3.60328
3.62253
3.64176
3.661
3.68023
3.69946
3.71869
3.73792
3.75714
3.77636
