0
0
1.66249e-14
1.04914e-06
0.000382266
0.00519341
0.0221305
0.0554101
0.103791
0.163171
0.229144
0.298308
0.368606
0.439111
0.509562
0.579932
0.650232
0.720471
0.790656
0.860793
0.930886
1.00094
1.07095
1.14093
1.21087
1.28078
1.35066
1.42051
1.49033
1.56012
1.62988
1.69962
1.76933
1.83901
1.90867
1.9783
2.04791
2.1175
2.18706
2.2566
2.32612
2.39561
2.46508
2.53453
2.60396
2.67336
2.74275
2.81211
2.88145
2.95077
3.02007
3.08934
3.1586
3.22784
3.29705
3.36625
3.43543
3.50458
3.57372
3.64284
3.71193
3.78101
3.85007
3.91911
3.98813
4.05713
4.12611
4.19507
4.26401
4.33294
4.40184
4.47073
4.5396
4.60845
4.67728
4.74609
4.81488
4.88366
4.95242
5.02115
5.08988
5.15858
5.22726
5.29593
5.36458
5.43321
5.50182
5.57042
5.63899
5.70755
5.7761
5.84462
5.91313
5.98162
6.05009
6.11854
6.18698
6.2554
6.3238
6.39219
6.46056
6.52891
6.59724
6.66556
6.73386
6.80214
6.8704
6.93865
7.00688
7.0751
7.1433
7.21148
7.27964
7.34779
7.41592
7.48403
7.55213
7.62021
7.68827
7.75632
7.82435
7.89236
7.96036
8.02834
8.09631
8.16426
8.23219
8.3001
8.368
8.43588
8.50375
8.5716
8.63944
8.70725
8.77506
8.84284
8.91061
8.97836
9.0461
9.11382
9.18153
9.24922
9.31689
9.38455
9.45219
9.51981
9.58743
9.65502
9.7226
9.79016
9.85771
9.92524
9.99277
10.0603
10.1278
10.1952
10.2627
10.3301
10.3976
10.465
10.5324
10.5998
10.6672
10.7346
10.802
10.8694
10.9368
11.0041
11.0716
11.139
11.2064
11.2739
11.3415
11.4091
11.4769
11.5447
11.6128
11.681
11.7495
11.8184
11.8877
11.9576
12.0281
12.0996
12.1722
12.2462
12.322
12.4002
12.4811
12.5658
12.6548
12.7498
12.8517
12.963
13.0853
13.2221
13.3763
13.5531
13.7568
13.9954
14.2752
