0
0
8.10892e-15
5.11727e-07
0.000186247
0.00245842
0.00976841
0.0224486
0.0384573
0.0553465
0.0713479
0.0855831
0.0978798
0.108471
0.117714
0.125913
0.133287
0.139989
0.146136
0.151816
0.157101
0.162046
0.166698
0.171094
0.175266
0.17924
0.183039
0.186681
0.190183
0.193558
0.19682
0.199977
0.203041
0.206018
0.208916
0.211742
0.2145
0.217196
0.219835
0.22242
0.224956
0.227445
0.22989
0.232295
0.234661
0.236991
0.239288
0.241552
0.243786
0.245991
0.248169
0.250321
0.252448
0.254552
0.256634
0.258695
0.260735
0.262756
0.264758
0.266742
0.268709
0.27066
0.272595
0.274515
0.27642
0.278311
0.280189
0.282053
0.283905
0.285745
0.287572
0.289389
0.291194
0.292989
0.294773
0.296548
0.298312
0.300067
0.301813
0.30355
0.305278
0.306997
0.308708
0.310412
0.312107
0.313795
0.315475
0.317148
0.318814
0.320473
0.322125
0.32377
0.325409
0.327042
0.328668
0.330288
0.331903
0.333511
0.335114
0.336711
0.338302
0.339889
0.341469
0.343045
0.344615
0.346181
0.347741
0.349297
0.350848
0.352394
0.353935
0.355472
0.357004
0.358532
0.360056
0.361575
0.36309
0.364601
0.366108
0.367611
0.36911
0.370604
0.372095
0.373582
0.375066
0.376545
0.378021
0.379493
0.380962
0.382427
0.383888
0.385347
0.386801
0.388252
0.3897
0.391145
0.392586
0.394024
0.395459
0.39689
0.398319
0.399744
0.401166
0.402586
0.404002
0.405415
0.406825
0.408232
0.409637
0.411038
0.412437
0.413832
0.415225
0.416615
0.418003
0.419388
0.420769
0.422149
0.423525
0.424899
0.426271
0.427639
0.429005
0.430369
0.43173
0.433088
0.434444
0.435798
0.437149
0.438497
0.439844
0.441187
0.442529
0.443868
0.445204
0.446538
0.44787
0.4492
0.450527
0.451852
0.453175
0.454495
0.455814
0.45713
0.458443
0.459755
0.461064
0.462372
0.463677
0.46498
0.466281
0.467579
0.468876
0.47017
0.471463
0.472753
0.474041
0.475328
0.476612
0.477894
0.479174
