0
0
9.56096e-14
6.0336e-06
0.00219268
0.0277804
0.0988416
0.196731
0.289595
0.359587
0.403814
0.42746
0.438147
0.442541
0.444729
0.446312
0.447648
0.448814
0.44985
0.450783
0.451634
0.452418
0.453145
0.453826
0.454466
0.455072
0.455648
0.456198
0.456726
0.457233
0.457723
0.458197
0.458658
0.459105
0.459542
0.459969
0.460387
0.460796
0.461199
0.461595
0.461985
0.46237
0.46275
0.463126
0.463498
0.463867
0.464232
0.464595
0.464955
0.465313
0.465669
0.466024
0.466377
0.466728
0.467078
0.467428
0.467776
0.468124
0.468471
0.468818
0.469165
0.469511
0.469857
0.470203
0.470549
0.470895
0.471241
0.471587
0.471934
0.472281
0.472628
0.472976
0.473324
0.473673
0.474022
0.474372
0.474723
0.475074
0.475425
0.475778
0.476131
0.476485
0.47684
0.477195
0.477551
0.477908
0.478266
0.478625
0.478984
0.479344
0.479706
0.480068
0.480431
0.480794
0.481159
0.481525
0.481891
0.482259
0.482627
0.482996
0.483366
0.483737
0.484109
0.484482
0.484856
0.485231
0.485606
0.485983
0.486361
0.486739
0.487118
0.487498
0.48788
0.488262
0.488644
0.489028
0.489413
0.489799
0.490185
0.490573
0.490961
0.49135
0.49174
0.492131
0.492523
0.492915
0.493309
0.493703
0.494098
0.494494
0.494891
0.495289
0.495687
0.496087
0.496487
0.496888
0.497289
0.497692
0.498095
0.4985
0.498904
0.49931
0.499717
0.500124
0.500532
0.500941
0.50135
0.50176
0.502171
0.502583
0.502996
0.503409
0.503823
0.504237
0.504653
0.505069
0.505485
0.505903
0.506321
0.50674
0.507159
0.507579
0.508
0.508421
0.508843
0.509266
0.509689
0.510113
0.510538
0.510963
0.511389
0.511815
0.512242
0.51267
0.513098
0.513527
0.513956
0.514386
0.514817
0.515248
0.515679
0.516112
0.516544
0.516978
0.517411
0.517846
0.518281
0.518716
0.519152
0.519588
0.520025
0.520463
0.520901
0.521339
0.521778
0.522218
0.522657
0.523098
0.523539
0.52398
0.524422
