0
0
4.37506e-14
2.76095e-06
0.00100337
0.0127145
0.0452584
0.0901342
0.132766
0.164955
0.185333
0.19625
0.201189
0.203209
0.204193
0.204888
0.205467
0.20597
0.206418
0.206827
0.207204
0.207558
0.207892
0.208211
0.208516
0.20881
0.209094
0.20937
0.209639
0.209901
0.210157
0.210408
0.210654
0.210896
0.211133
0.211367
0.211597
0.211824
0.212049
0.21227
0.212489
0.212706
0.21292
0.213132
0.213342
0.213551
0.213757
0.213963
0.214166
0.214369
0.214569
0.214769
0.214967
0.215165
0.215361
0.215557
0.215751
0.215945
0.216137
0.21633
0.21652
0.216711
0.2169
0.21709
0.217278
0.217467
0.217655
0.217841
0.21803
0.218214
0.218405
0.218586
0.21878
0.218958
0.21916
0.219333
0.219549
0.219717
0.219957
0.220123
0.220407
0.22058
0.220946
0.221149
0.221671
0.221965
0.222789
0.223321
0.224742
0.225843
0.228456
0.23085
0.235845
0.241034
0.250674
0.261539
0.279775
0.30121
0.334101
0.373297
0.429061
0.495567
0.584961
0.691531
0.829465
0.994247
1.20263
1.45252
1.76417
2.13947
2.60368
3.16473
3.8553
4.69239
5.71969
6.96775
8.49671
10.3574
12.6346
15.4093
18.8033
22.943
28.0052
34.1844
41.7401
50.9685
62.2536
76.0441
92.9103
113.53
138.754
169.603
207.348
253.528
310.045
379.214
463.889
567.551
694.486
849.93
1040.32
1273.55
1559.28
1909.39
2338.45
2864.32
3508.95
4299.23
5268.23
6456.51
7913.9
9701.54
11894.6
14585.3
17887.1
21939.1
26912.6
33017.8
40513.3
49716.6
61018.3
74898.5
91947.6
112892
138623
170241
209096
256849
315547
387704
476418
585501
719643
884621
1.08754e+06
1.33717e+06
1.64427e+06
2.02214e+06
2.48712e+06
3.05936e+06
3.76367e+06
4.63063e+06
5.69791e+06
7.01194e+06
8.62991e+06
1.06223e+07
1.30761e+07
1.60985e+07
1.98214e+07
2.44077e+07
3.00583e+07
3.70208e+07
4.56006e+07
5.61743e+07
6.92066e+07
8.52706e+07
1.05073e+08
1.29487e+08
1.59589e+08
1.96707e+08
2.4248e+08
