0
0
1.01957e-13
6.43416e-06
0.00233823
0.0296177
0.105317
0.209509
0.308295
0.382707
0.429692
0.454783
0.4661
0.470735
0.473033
0.474694
0.476095
0.477317
0.478401
0.479376
0.480263
0.481077
0.481832
0.482536
0.483197
0.483821
0.484413
0.484977
0.485517
0.486036
0.486536
0.487018
0.487486
0.487941
0.488384
0.488816
0.489238
0.489652
0.490057
0.490456
0.490849
0.491236
0.491617
0.491995
0.492367
0.492737
0.493102
0.493465
0.493825
0.494183
0.494538
0.494891
0.495243
0.495593
0.495942
0.49629
0.496637
0.496983
0.497328
0.497673
0.498017
0.498361
0.498704
0.499048
0.499391
0.499735
0.500078
0.500422
0.500765
0.50111
0.501454
0.501799
0.502144
0.50249
0.502836
0.503182
0.50353
0.503878
0.504226
0.504575
0.504925
0.505276
0.505627
0.505979
0.506332
0.506686
0.507041
0.507396
0.507752
0.508109
0.508467
0.508826
0.509186
0.509546
0.509908
0.51027
0.510634
0.510998
0.511363
0.511729
0.512096
0.512464
0.512833
0.513203
0.513574
0.513946
0.514319
0.514692
0.515067
0.515442
0.515819
0.516196
0.516575
0.516954
0.517334
0.517716
0.518098
0.518481
0.518865
0.51925
0.519636
0.520023
0.52041
0.520799
0.521189
0.521579
0.52197
0.522363
0.522756
0.52315
0.523545
0.523941
0.524337
0.524735
0.525133
0.525533
0.525933
0.526334
0.526736
0.527138
0.527542
0.527946
0.528352
0.528758
0.529164
0.529572
0.529981
0.53039
0.5308
0.531211
0.531622
0.532035
0.532448
0.532862
0.533277
0.533692
0.534108
0.534525
0.534943
0.535362
0.535781
0.536201
0.536621
0.537043
0.537465
0.537887
0.538311
0.538735
0.53916
0.539585
0.540012
0.540439
0.540866
0.541294
0.541723
0.542153
0.542583
0.543014
0.543445
0.543877
0.54431
0.544743
0.545177
0.545611
0.546046
0.546482
0.546918
0.547355
0.547793
0.548231
0.548669
0.549109
0.549548
0.549989
0.55043
0.550871
0.551313
0.551755
0.552198
0.552642
0.553086
