0
0
4.89203e-16
3.0872e-08
1.12281e-05
0.000145423
0.000552094
0.00120908
0.00198738
0.00276455
0.00346726
0.00406948
0.00457682
0.00500943
0.0053884
0.00572899
0.00604078
0.00633001
0.00660102
0.006857
0.00710032
0.00733283
0.00755598
0.00777094
0.00797866
0.00817993
0.0083754
0.00856564
0.00875113
0.00893227
0.00910942
0.00928291
0.009453
0.00961995
0.00978397
0.00994525
0.010104
0.0102603
0.0104144
0.0105663
0.0107163
0.0108643
0.0110106
0.0111551
0.0112981
0.0114394
0.0115794
0.0117179
0.011855
0.0119909
0.0121256
0.012259
0.0123914
0.0125226
0.0126528
0.012782
0.0129102
0.0130374
0.0131638
0.0132892
0.0134138
0.0135376
0.0136606
0.0137828
0.0139043
0.014025
0.014145
0.0142643
0.014383
0.014501
0.0146184
0.0147351
0.0148513
0.0149668
0.0150818
0.0151962
0.01531
0.0154234
0.0155362
0.0156484
0.0157602
0.0158715
0.0159823
0.0160927
0.0162025
0.0163119
0.0164209
0.0165295
0.0166376
0.0167453
0.0168525
0.0169594
0.0170659
0.017172
0.0172777
0.017383
0.0174879
0.0175925
0.0176967
0.0178006
0.0179041
0.0180073
0.0181101
0.0182127
0.0183148
0.0184167
0.0185182
0.0186195
0.0187204
0.018821
0.0189213
0.0190213
0.019121
0.0192204
0.0193196
0.0194185
0.019517
0.0196154
0.0197134
0.0198112
0.0199087
0.0200059
0.0201029
0.0201996
0.0202961
0.0203924
0.0204884
0.0205841
0.0206796
0.0207749
0.0208699
0.0209647
0.0210593
0.0211536
0.0212477
0.0213416
0.0214353
0.0215287
0.021622
0.021715
0.0218078
0.0219004
0.0219928
0.022085
0.022177
0.0222688
0.0223604
0.0224517
0.0225429
0.0226339
0.0227247
0.0228154
0.0229058
0.022996
0.0230861
0.023176
0.0232657
0.0233552
0.0234445
0.0235336
0.0236226
0.0237114
0.0238001
0.0238885
0.0239768
0.0240649
0.0241529
0.0242407
0.0243283
0.0244158
0.0245031
0.0245902
0.0246772
0.024764
0.0248507
0.0249372
0.0250236
0.0251098
0.0251959
0.0252818
0.0253675
0.0254531
0.0255386
0.0256239
0.0257091
0.0257941
0.025879
0.0259638
0.0260484
0.0261328
0.0262171
0.0263013
0.0263854
0.0264693
0.0265531
0.0266367
0.0267202
0.0268036
0.0268869
0.02697
0.027053
