0
0
1.66542e-14
1.05099e-06
0.00038294
0.00520256
0.0221693
0.0555072
0.103973
0.163456
0.229544
0.298828
0.369249
0.439878
0.510451
0.580945
0.651368
0.721731
0.792039
0.8623
0.932516
1.00269
1.07283
1.14293
1.21299
1.28303
1.35303
1.423
1.49294
1.56286
1.63274
1.7026
1.77244
1.84225
1.91203
1.98179
2.05152
2.12123
2.19091
2.26058
2.33021
2.39983
2.46943
2.539
2.60855
2.67807
2.74758
2.81707
2.88653
2.95597
3.02539
3.09479
3.16417
3.23353
3.30287
3.37219
3.44149
3.51077
3.58003
3.64926
3.71848
3.78768
3.85686
3.92602
3.99517
4.06429
4.13339
4.20247
4.27154
4.34059
4.40961
4.47862
4.54761
4.61658
4.68553
4.75447
4.82338
4.89228
4.96116
5.03002
5.09886
5.16769
5.23649
5.30528
5.37405
5.4428
5.51154
5.58025
5.64895
5.71763
5.7863
5.85494
5.92357
5.99218
6.06077
6.12935
6.1979
6.26644
6.33497
6.40347
6.47196
6.54043
6.60889
6.67732
6.74574
6.81415
6.88253
6.9509
7.01925
7.08759
7.1559
7.2242
7.29249
7.36075
7.42901
7.49724
7.56546
7.63365
7.70184
7.77
7.83816
7.90629
7.97441
8.04251
8.11059
8.17866
8.24671
8.31474
8.38277
8.45076
8.51876
8.58672
8.65468
8.72261
8.79054
8.85844
8.92634
8.99421
9.06208
9.12992
9.19776
9.26557
9.33339
9.40117
9.46898
9.53674
9.60453
9.67228
9.74007
9.80782
9.87562
9.9434
10.0113
10.0791
10.1471
10.215
10.2832
10.3514
10.4198
10.4885
10.5575
10.6268
10.6968
10.7674
10.8389
10.9115
10.9857
11.0617
11.1403
11.222
11.308
11.3992
11.4974
11.6042
11.7225
11.8553
12.0067
12.1818
12.387
12.6305
12.922
13.2738
13.7004
14.2196
14.8513
15.62
16.5514
17.6771
19.0287
20.6449
22.5638
24.8319
27.4954
30.6115
34.2378
38.4465
43.3116
48.9258
55.386
62.8124
71.3325
