0
0
4.45578e-14
2.81189e-06
0.00102188
0.0129471
0.046069
0.0917201
0.135079
0.167813
0.188537
0.199641
0.204671
0.206733
0.207745
0.208461
0.209057
0.209575
0.210035
0.210454
0.21084
0.2112
0.21154
0.211863
0.212172
0.212469
0.212756
0.213034
0.213304
0.213567
0.213824
0.214076
0.214322
0.214564
0.214801
0.215035
0.215264
0.215491
0.215715
0.215935
0.216153
0.216368
0.216581
0.216792
0.217001
0.217208
0.217413
0.217617
0.217818
0.218019
0.218218
0.218415
0.218611
0.218807
0.219001
0.219193
0.219385
0.219576
0.219767
0.219956
0.220144
0.220332
0.220519
0.220705
0.220891
0.221076
0.221261
0.221445
0.221628
0.221811
0.221994
0.222176
0.222358
0.222539
0.22272
0.2229
0.223081
0.223261
0.22344
0.22362
0.223799
0.223978
0.224157
0.224335
0.224513
0.224691
0.224869
0.225046
0.225224
0.225401
0.225579
0.225755
0.225933
0.226109
0.226286
0.226462
0.22664
0.226815
0.226992
0.227168
0.227345
0.22752
0.227697
0.227872
0.228049
0.228223
0.228401
0.228575
0.228753
0.228926
0.229105
0.229277
0.229457
0.229628
0.229808
0.229979
0.23016
0.23033
0.230512
0.230681
0.230865
0.231032
0.231217
0.231383
0.23157
0.231734
0.231924
0.232086
0.232279
0.232438
0.232635
0.232792
0.232993
0.233147
0.233354
0.233504
0.233719
0.233866
0.234091
0.234235
0.234473
0.234615
0.23487
0.235011
0.23529
0.235434
0.235746
0.235898
0.236255
0.236427
0.236849
0.237056
0.237572
0.237843
0.238496
0.238875
0.23973
0.240289
0.241445
0.242294
0.243902
0.245212
0.247497
0.249532
0.252827
0.25598
0.260769
0.26561
0.272575
0.279904
0.289969
0.300851
0.315209
0.330994
0.351112
0.373433
0.401051
0.431821
0.468966
0.510417
0.559482
0.614264
0.678137
0.749475
0.83173
0.923642
1.02877
1.14631
1.28
1.42958
1.59903
1.78877
2.00314
2.24335
2.51422
2.81796
3.16004
3.54383
3.97573
4.46053
5.00582
