0
0
5.2028e-16
3.28331e-08
1.19399e-05
0.000154142
0.000580851
0.00126372
0.00206756
0.00286635
0.00358577
0.00420036
0.00471698
0.00515703
0.00554253
0.0058892
0.00620685
0.00650181
0.0067785
0.00704011
0.00728904
0.00752713
0.00775583
0.00797632
0.00818954
0.00839628
0.0085972
0.00879286
0.00898374
0.00917025
0.00935275
0.00953157
0.00970697
0.0098792
0.0100485
0.010215
0.010379
0.0105405
0.0106998
0.010857
0.0110121
0.0111653
0.0113167
0.0114664
0.0116144
0.0117609
0.0119059
0.0120495
0.0121917
0.0123326
0.0124723
0.0126108
0.0127481
0.0128843
0.0130195
0.0131536
0.0132868
0.013419
0.0135502
0.0136806
0.0138101
0.0139388
0.0140666
0.0141937
0.01432
0.0144455
0.0145703
0.0146945
0.0148179
0.0149407
0.0150628
0.0151843
0.0153051
0.0154254
0.0155451
0.0156642
0.0157827
0.0159007
0.0160181
0.0161351
0.0162515
0.0163674
0.0164828
0.0165977
0.0167121
0.0168261
0.0169396
0.0170527
0.0171654
0.0172776
0.0173893
0.0175007
0.0176116
0.0177222
0.0178323
0.0179421
0.0180515
0.0181605
0.0182691
0.0183773
0.0184852
0.0185928
0.0187
0.0188068
0.0189134
0.0190195
0.0191254
0.0192309
0.0193361
0.019441
0.0195456
0.0196499
0.0197538
0.0198575
0.0199609
0.020064
0.0201667
0.0202693
0.0203715
0.0204734
0.0205751
0.0206765
0.0207776
0.0208785
0.0209791
0.0210795
0.0211796
0.0212794
0.021379
0.0214784
0.0215775
0.0216763
0.021775
0.0218733
0.0219715
0.0220694
0.0221671
0.0222646
0.0223618
0.0224588
0.0225556
0.0226522
0.0227486
0.0228447
0.0229406
0.0230364
0.0231319
0.0232272
0.0233223
0.0234172
0.0235119
0.0236065
0.0237008
0.0237949
0.0238888
0.0239826
0.0240761
0.0241695
0.0242627
0.0243556
0.0244485
0.0245411
0.0246335
0.0247258
0.0248179
0.0249098
0.0250016
0.0250931
0.0251845
0.0252758
0.0253668
0.0254577
0.0255484
0.025639
0.0257294
0.0258197
0.0259097
0.0259997
0.0260894
0.026179
0.0262685
0.0263578
0.0264469
0.0265359
0.0266248
0.0267135
0.026802
0.0268904
0.0269787
0.0270668
0.0271547
0.0272425
0.0273302
0.0274178
0.0275051
0.0275924
0.0276795
0.0277665
0.0278533
0.02794
0.0280266
