0
0
9.73186e-15
6.14146e-07
0.00022342
0.00291392
0.0112722
0.0252766
0.0424931
0.0602475
0.0767144
0.0910621
0.103214
0.113501
0.122357
0.130133
0.137073
0.143346
0.149079
0.154363
0.159274
0.163867
0.16819
0.172279
0.176166
0.179874
0.183427
0.186841
0.190131
0.193311
0.196392
0.199383
0.202293
0.205128
0.207896
0.210602
0.213251
0.215846
0.218394
0.220896
0.223358
0.225779
0.228165
0.230515
0.232835
0.235123
0.237386
0.239618
0.24183
0.244013
0.24618
0.248319
0.250446
0.252546
0.254638
0.256703
0.258768
0.260802
0.262847
0.26486
0.266898
0.268905
0.27096
0.272988
0.275108
0.27722
0.279501
0.281829
0.284474
0.287299
0.290736
0.294659
0.299775
0.306048
0.314644
0.325759
0.341279
0.361821
0.390234
0.427684
0.47806
0.543128
0.627842
0.734833
0.87048
1.03902
1.2491
1.50772
1.82704
2.21842
2.69935
3.28776
4.00916
4.89134
5.97182
7.29317
8.91097
10.89
13.3129
16.278
19.9086
24.3531
29.7966
36.4629
44.6297
54.6345
66.8949
81.9198
100.337
122.915
150.6
184.549
226.188
277.266
339.933
416.828
511.196
627.024
769.214
943.788
1158.15
1421.42
1744.77
2142
2630.03
3229.7
3966.66
4872.44
5985.87
7354.72
9037.79
11107.5
13652.9
16783.8
20635.3
25373.8
31204.3
38379.3
47209.7
58078.9
71459.1
87932
108215
133192
163952
201838
248508
306002
376838
464122
571683
704245
867636
1.06904e+06
1.31734e+06
1.62347e+06
2.00093e+06
2.46639e+06
3.04043e+06
3.74842e+06
4.62172e+06
5.699e+06
7.02803e+06
8.66778e+06
1.06911e+07
1.31878e+07
1.62691e+07
2.0072e+07
2.47659e+07
3.05601e+07
3.77131e+07
4.65441e+07
5.74478e+07
7.09114e+07
8.75373e+07
1.0807e+08
1.33429e+08
1.6475e+08
2.0344e+08
2.51235e+08
3.10281e+08
3.83231e+08
4.73367e+08
5.84744e+08
7.22377e+08
8.92467e+08
1.10268e+09
1.3625e+09
1.68365e+09
2.08064e+09
2.57139e+09
3.1781e+09
3.92821e+09
4.85566e+09
6.00246e+09
7.42055e+09
9.17422e+09
1.1343e+10
1.40253e+10
1.73429e+10
2.14464e+10
