0
0
4.40998e-14
2.78299e-06
0.00101138
0.0128151
0.0456091
0.0908203
0.133767
0.166191
0.186719
0.197718
0.202696
0.204734
0.20573
0.206435
0.207021
0.20753
0.207984
0.208397
0.208778
0.209134
0.209471
0.209791
0.210098
0.210393
0.210679
0.210956
0.211225
0.211487
0.211744
0.211995
0.212241
0.212483
0.21272
0.212954
0.213184
0.213411
0.213635
0.213856
0.214074
0.21429
0.214504
0.214716
0.214925
0.215133
0.215339
0.215543
0.215746
0.215948
0.216148
0.216346
0.216544
0.21674
0.216935
0.21713
0.217323
0.217516
0.217707
0.217898
0.218088
0.218277
0.218466
0.218653
0.218841
0.219028
0.219214
0.219399
0.219585
0.219769
0.219954
0.220137
0.220322
0.220504
0.220688
0.220869
0.221053
0.221232
0.221417
0.221595
0.221781
0.221956
0.222144
0.222316
0.222507
0.222676
0.22287
0.223035
0.223236
0.223395
0.223604
0.223757
0.223978
0.224123
0.224362
0.224498
0.224764
0.224892
0.2252
0.225323
0.225698
0.225826
0.226306
0.226465
0.22712
0.227363
0.228311
0.228748
0.230198
0.231046
0.233367
0.235037
0.238873
0.242122
0.24857
0.254717
0.265557
0.276745
0.294649
0.314041
0.342671
0.374494
0.418491
0.468046
0.533178
0.60712
0.700823
0.807879
0.940206
1.09227
1.27716
1.49074
1.74761
2.04571
2.4017
2.81633
3.30921
3.88496
4.56728
5.36612
6.31098
7.41912
8.72816
10.2655
12.08
14.2132
16.7301
19.6912
23.184
27.2961
32.1462
37.8592
44.5975
52.5383
61.905
72.9476
85.9748
101.338
119.466
140.85
166.087
195.867
231.02
272.511
321.497
379.332
447.629
528.282
623.545
736.071
869.009
1026.07
1211.67
1431
1690.22
1996.62
2358.84
2787.08
3293.43
3892.2
4600.33
5437.88
6428.6
7600.63
8987.28
10628
12569.6
14867.3
17586.9
20806.1
24616.9
29128.6
34470.6
40796.2
48287.1
57159
67667.2
80114.8
94860.7
112331
133031
