0
0
1.56191e-14
9.85667e-07
0.00035914
0.00487967
0.0207975
0.0520815
0.0975677
0.153398
0.215428
0.280457
0.346548
0.41283
0.479054
0.545198
0.611271
0.677283
0.743241
0.809149
0.875013
0.940835
1.00662
1.07237
1.13808
1.20376
1.26941
1.33503
1.40062
1.46618
1.53172
1.59723
1.66272
1.72818
1.79361
1.85903
1.92441
1.98978
2.05512
2.12045
2.18574
2.25102
2.31628
2.38151
2.44673
2.51192
2.5771
2.64225
2.70739
2.7725
2.83759
2.90267
2.96773
3.03276
3.09778
3.16278
3.22776
3.29272
3.35767
3.42259
3.4875
3.55239
3.61726
3.68211
3.74695
3.81176
3.87656
3.94135
4.00611
4.07086
4.13559
4.2003
4.265
4.32968
4.39434
4.45898
4.52361
4.58822
4.65282
4.71739
4.78196
4.8465
4.91103
4.97554
5.04003
5.10451
5.16898
5.23342
5.29785
5.36227
5.42666
5.49104
5.55541
5.61976
5.68409
5.74841
5.81271
5.877
5.94127
6.00552
6.06976
6.13399
6.19819
6.26239
6.32656
6.39072
6.45487
6.519
6.58312
6.64721
6.7113
6.77537
6.83942
6.90346
6.96748
7.03149
7.09548
7.15946
7.22342
7.28737
7.3513
7.41522
7.47912
7.54301
7.60688
7.67074
7.73458
7.79841
7.86223
7.92602
7.98981
8.05358
8.11733
8.18107
8.2448
8.30851
8.3722
8.43588
8.49955
8.5632
8.62684
8.69046
8.75407
8.81767
8.88125
8.94481
9.00836
9.0719
9.13542
9.19893
9.26242
9.3259
9.38937
9.45282
9.51626
9.57968
9.64309
9.70648
9.76986
9.83323
9.89658
9.95992
10.0232
10.0866
10.1498
10.2131
10.2764
10.3397
10.4029
10.4661
10.5293
10.5925
10.6557
10.7189
10.782
10.8452
10.9083
10.9714
11.0345
11.0976
11.1607
11.2238
11.2868
11.3498
11.4129
11.4759
11.5389
11.6018
11.6648
11.7277
11.7907
11.8536
11.9165
11.9794
12.0423
12.1052
12.168
12.2309
12.2937
12.3565
12.4193
