0
0
1.14769e-15
7.2427e-08
2.63424e-05
0.000341469
0.00129903
0.00285068
0.00469289
0.00653475
0.00820063
0.00962734
0.0108274
0.0118484
0.0127407
0.0135408
0.0142719
0.014949
0.0155826
0.0161804
0.0167481
0.0172902
0.0178102
0.0183108
0.0187943
0.0192626
0.0197174
0.0201598
0.0205911
0.0210122
0.0214239
0.0218271
0.0222224
0.0226103
0.0229914
0.0233661
0.0237348
0.024098
0.0244559
0.0248088
0.0251571
0.025501
0.0258407
0.0261764
0.0265084
0.0268368
0.0271617
0.0274834
0.027802
0.0281176
0.0284303
0.0287403
0.0290477
0.0293525
0.0296549
0.0299549
0.0302527
0.0305483
0.0308418
0.0311332
0.0314227
0.0317103
0.031996
0.0322799
0.032562
0.0328425
0.0331213
0.0333985
0.0336742
0.0339483
0.034221
0.0344922
0.0347621
0.0350306
0.0352977
0.0355635
0.0358281
0.0360914
0.0363535
0.0366144
0.0368741
0.0371327
0.0373902
0.0376466
0.0379019
0.0381562
0.0384094
0.0386617
0.0389129
0.0391632
0.0394125
0.0396608
0.0399083
0.0401548
0.0404005
0.0406452
0.0408891
0.0411322
0.0413744
0.0416158
0.0418564
0.0420962
0.0423352
0.0425734
0.0428109
0.0430477
0.0432836
0.0435189
0.0437534
0.0439873
0.0442204
0.0444529
0.0446846
0.0449157
0.0451461
0.0453759
0.045605
0.0458335
0.0460614
0.0462886
0.0465152
0.0467413
0.0469667
0.0471915
0.0474157
0.0476394
0.0478625
0.048085
0.0483069
0.0485283
0.0487492
0.0489695
0.0491893
0.0494085
0.0496272
0.0498454
0.0500631
0.0502803
0.0504969
0.0507131
0.0509288
0.051144
0.0513587
0.0515729
0.0517867
0.0519999
0.0522127
0.0524251
0.052637
0.0528484
0.0530594
0.05327
0.0534801
0.0536897
0.053899
0.0541078
0.0543162
0.0545241
0.0547317
0.0549388
0.0551455
0.0553518
0.0555577
0.0557632
0.0559683
0.056173
0.0563773
0.0565813
0.0567848
0.056988
0.0571908
0.0573932
0.0575952
0.0577969
0.0579982
0.0581991
0.0583997
0.0585999
0.0587998
0.0589993
0.0591984
0.0593973
0.0595957
0.0597938
0.0599916
0.0601891
0.0603862
0.0605829
0.0607794
0.0609755
0.0611713
0.0613668
0.0615619
0.0617567
0.0619512
0.0621454
0.0623393
0.0625329
0.0627261
0.0629191
0.0631117
