0
0
1.17452e-15
7.41198e-08
2.70057e-05
0.000366652
0.00156002
0.00389956
0.00729367
0.0114518
0.0160643
0.0208932
0.0257956
0.0307076
0.0356118
0.0405073
0.045395
0.0502761
0.0551512
0.0600209
0.0648858
0.0697462
0.0746025
0.079455
0.0843038
0.0891493
0.0939917
0.098831
0.103667
0.108501
0.113332
0.118161
0.122988
0.127812
0.132633
0.137453
0.142271
0.147087
0.151901
0.156713
0.161523
0.166331
0.171138
0.175943
0.180747
0.185549
0.190349
0.195148
0.199946
0.204742
0.209537
0.21433
0.219122
0.223913
0.228702
0.23349
0.238277
0.243063
0.247847
0.252631
0.257413
0.262194
0.266974
0.271753
0.27653
0.281307
0.286083
0.290857
0.295631
0.300403
0.305175
0.309945
0.314715
0.319484
0.324251
0.329018
0.333784
0.338549
0.343313
0.348076
0.352838
0.3576
0.36236
0.36712
0.371879
0.376637
0.381394
0.38615
0.390906
0.395661
0.400415
0.405168
0.40992
0.414672
0.419422
0.424173
0.428922
0.43367
0.438418
0.443165
0.447912
0.452657
0.457402
0.462146
0.46689
0.471633
0.476375
0.481116
0.485857
0.490597
0.495336
0.500075
0.504813
0.50955
0.514287
0.519023
0.523758
0.528493
0.533227
0.537961
0.542694
0.547426
0.552158
0.556889
0.561619
0.566349
0.571078
0.575806
0.580534
0.585262
0.589988
0.594715
0.59944
0.604165
0.608889
0.613613
0.618337
0.623059
0.627781
0.632503
0.637224
0.641944
0.646664
0.651383
0.656102
0.66082
0.665538
0.670255
0.674972
0.679688
0.684403
0.689118
0.693833
0.698547
0.70326
0.707973
0.712685
0.717397
0.722109
0.726819
0.73153
0.73624
0.740949
0.745658
0.750366
0.755074
0.759781
0.764488
0.769194
0.7739
0.778605
0.78331
0.788014
0.792718
0.797422
0.802125
0.806827
0.811529
0.81623
0.820931
0.825632
0.830332
0.835032
0.839731
0.844429
0.849128
0.853825
0.858523
0.863219
0.867916
0.872612
0.877307
0.882002
0.886697
0.891391
0.896085
0.900778
0.905471
0.910163
0.914855
0.919546
