0
0
8.74725e-14
5.5201e-06
0.00200607
0.025417
0.0904412
0.180037
0.265066
0.329184
0.369726
0.391427
0.401258
0.405319
0.407353
0.408828
0.410076
0.411166
0.412136
0.413012
0.413811
0.414549
0.415235
0.415877
0.416482
0.417054
0.4176
0.418121
0.41862
0.419101
0.419565
0.420014
0.42045
0.420874
0.421287
0.421691
0.422086
0.422473
0.422853
0.423227
0.423594
0.423957
0.424315
0.424668
0.425018
0.425364
0.425706
0.426046
0.426383
0.426718
0.42705
0.427381
0.42771
0.428038
0.428364
0.428688
0.429012
0.429335
0.429657
0.429978
0.430299
0.430619
0.430939
0.431259
0.431578
0.431897
0.432216
0.432535
0.432854
0.433173
0.433492
0.433811
0.434131
0.434451
0.434771
0.435091
0.435412
0.435733
0.436055
0.436377
0.436699
0.437022
0.437346
0.43767
0.437995
0.43832
0.438646
0.438972
0.439299
0.439627
0.439955
0.440284
0.440614
0.440944
0.441275
0.441607
0.441939
0.442272
0.442606
0.44294
0.443275
0.443611
0.443948
0.444285
0.444623
0.444962
0.445301
0.445641
0.445982
0.446324
0.446666
0.447009
0.447353
0.447697
0.448043
0.448389
0.448735
0.449083
0.449431
0.449779
0.450129
0.450479
0.45083
0.451182
0.451534
0.451887
0.452241
0.452595
0.45295
0.453306
0.453662
0.454019
0.454377
0.454736
0.455095
0.455455
0.455815
0.456176
0.456538
0.4569
0.457263
0.457627
0.457991
0.458356
0.458721
0.459087
0.459454
0.459821
0.460189
0.460558
0.460927
0.461297
0.461667
0.462038
0.462409
0.462781
0.463154
0.463527
0.463901
0.464275
0.46465
0.465025
0.465401
0.465778
0.466155
0.466532
0.46691
0.467289
0.467668
0.468047
0.468427
0.468808
0.469189
0.46957
0.469952
0.470335
0.470718
0.471101
0.471485
0.471869
0.472254
0.472639
0.473025
0.473411
0.473798
0.474185
0.474572
0.47496
0.475348
0.475737
0.476126
0.476516
0.476906
0.477296
0.477687
0.478078
0.478469
0.478861
0.479254
0.479646
0.480039
