0
0
1.67429e-14
1.05659e-06
0.000384981
0.00523024
0.0222868
0.0558005
0.104521
0.164317
0.230753
0.300402
0.371193
0.442195
0.513141
0.584007
0.654804
0.72554
0.796222
0.866855
0.937445
1.00799
1.0785
1.14898
1.21942
1.28982
1.3602
1.43054
1.50086
1.57115
1.64141
1.71164
1.78185
1.85203
1.92218
1.99231
2.06242
2.1325
2.20256
2.27259
2.3426
2.41259
2.48256
2.5525
2.62242
2.69232
2.7622
2.83206
2.90189
2.97171
3.0415
3.11127
3.18102
3.25075
3.32046
3.39015
3.45982
3.52947
3.5991
3.6687
3.73829
3.80786
3.87741
3.94694
4.01645
4.08594
4.15542
4.22487
4.2943
4.36372
4.43311
4.50249
4.57185
4.64119
4.71051
4.77981
4.84909
4.91836
4.9876
5.05683
5.12604
5.19523
5.2644
5.33356
5.4027
5.47181
5.54091
5.61
5.67906
5.74811
5.81714
5.88615
5.95514
6.02411
6.09308
6.16201
6.23094
6.29984
6.36874
6.4376
6.50646
6.57529
6.64412
6.71291
6.78171
6.85047
6.91925
6.98796
7.05672
7.12541
7.19416
7.26281
7.33157
7.40021
7.46899
7.53764
7.60651
7.67523
7.74425
7.81314
7.8825
7.95176
8.02174
8.09176
8.16295
8.23448
8.30795
8.38243
8.46023
8.54043
8.62643
8.71761
8.81913
8.93126
9.06205
9.2137
9.39905
9.62412
9.90919
10.2668
10.7281
11.315
12.0721
13.0329
14.2562
15.7876
17.7006
20.0553
22.9436
26.4473
30.686
35.7759
41.8784
49.1613
57.8468
68.1769
80.4604
95.0439
112.359
132.898
157.265
186.161
220.432
261.067
309.256
366.398
434.165
514.529
609.846
722.897
856.999
1016.08
1204.8
1428.71
1694.38
2009.64
2383.75
2827.75
3354.72
3980.22
4722.73
5604.18
6650.66
7893.15
9368.46
11120.3
13200.7
15671.5
18605.9
22091.4
26231.5
31149.6
36992.2
43933.5
52180.5
61979.6
73623.2
87459.6
103902
123444
146669
