0
0
1.03951e-13
6.56e-06
0.00238398
0.0302027
0.107447
0.213821
0.314691
0.390674
0.438647
0.46426
0.475802
0.480517
0.482845
0.484522
0.485935
0.487167
0.488259
0.489241
0.490136
0.490958
0.491721
0.492434
0.493104
0.493738
0.49434
0.494916
0.495467
0.495998
0.496511
0.497007
0.497489
0.497958
0.498416
0.498864
0.499303
0.499733
0.500157
0.500574
0.500985
0.501392
0.501793
0.502191
0.502585
0.502975
0.503363
0.503748
0.504131
0.504512
0.504892
0.50527
0.505646
0.506022
0.506397
0.506771
0.507144
0.507517
0.50789
0.508263
0.508635
0.509008
0.509381
0.509753
0.510127
0.5105
0.510874
0.511249
0.511624
0.512
0.512376
0.512753
0.513131
0.513509
0.513888
0.514269
0.51465
0.515032
0.515415
0.515798
0.516183
0.516569
0.516956
0.517344
0.517733
0.518123
0.518514
0.518906
0.519299
0.519693
0.520089
0.520485
0.520883
0.521281
0.521681
0.522082
0.522484
0.522887
0.523292
0.523697
0.524104
0.524512
0.524921
0.525331
0.525742
0.526154
0.526567
0.526982
0.527398
0.527814
0.528232
0.528651
0.529071
0.529493
0.529915
0.530338
0.530763
0.531189
0.531615
0.532043
0.532472
0.532902
0.533333
0.533765
0.534198
0.534632
0.535067
0.535503
0.53594
0.536378
0.536817
0.537258
0.537699
0.538141
0.538584
0.539028
0.539473
0.539919
0.540366
0.540814
0.541263
0.541713
0.542164
0.542615
0.543068
0.543521
0.543976
0.544431
0.544887
0.545344
0.545802
0.546261
0.546721
0.547181
0.547643
0.548105
0.548568
0.549032
0.549496
0.549962
0.550428
0.550895
0.551363
0.551832
0.552301
0.552771
0.553242
0.553714
0.554186
0.554659
0.555133
0.555608
0.556083
0.55656
0.557036
0.557514
0.557992
0.558471
0.558951
0.559431
0.559912
0.560393
0.560876
0.561359
0.561842
0.562326
0.562811
0.563297
0.563783
0.56427
0.564757
0.565245
0.565733
0.566223
0.566712
0.567203
0.567693
0.568185
0.568677
0.569169
0.569663
