0
0
8.9647e-14
5.65733e-06
0.00205591
0.0260361
0.0925337
0.184011
0.270754
0.336129
0.377447
0.399552
0.409562
0.413701
0.415781
0.417295
0.418576
0.419696
0.420691
0.421588
0.422404
0.423155
0.42385
0.424499
0.425108
0.425682
0.426226
0.426744
0.427238
0.427713
0.428168
0.428608
0.429032
0.429444
0.429843
0.430232
0.430611
0.430981
0.431342
0.431697
0.432044
0.432385
0.432721
0.433051
0.433376
0.433697
0.434014
0.434327
0.434637
0.434944
0.435247
0.435549
0.435847
0.436144
0.436438
0.436731
0.437021
0.437311
0.437598
0.437885
0.43817
0.438455
0.438738
0.439021
0.439302
0.439583
0.439864
0.440144
0.440423
0.440702
0.440981
0.441259
0.441538
0.441816
0.442094
0.442372
0.442649
0.442927
0.443205
0.443483
0.443761
0.444039
0.444318
0.444596
0.444875
0.445154
0.445434
0.445713
0.445993
0.446273
0.446554
0.446835
0.447116
0.447398
0.44768
0.447963
0.448245
0.448529
0.448813
0.449097
0.449382
0.449667
0.449953
0.450239
0.450526
0.450813
0.4511
0.451389
0.451677
0.451967
0.452256
0.452547
0.452838
0.453129
0.453421
0.453713
0.454007
0.4543
0.454594
0.454889
0.455184
0.45548
0.455776
0.456073
0.45637
0.456668
0.456967
0.457266
0.457566
0.457866
0.458167
0.458468
0.45877
0.459072
0.459375
0.459678
0.459982
0.460287
0.460592
0.460898
0.461204
0.46151
0.461818
0.462125
0.462434
0.462743
0.463052
0.463362
0.463672
0.463983
0.464294
0.464606
0.464919
0.465232
0.465545
0.465859
0.466174
0.466489
0.466804
0.46712
0.467436
0.467753
0.468071
0.468389
0.468707
0.469026
0.469345
0.469665
0.469985
0.470306
0.470627
0.470949
0.471271
0.471593
0.471916
0.472239
0.472563
0.472888
0.473212
0.473537
0.473863
0.474189
0.474516
0.474842
0.47517
0.475497
0.475825
0.476154
0.476483
0.476812
0.477142
0.477472
0.477803
0.478133
0.478465
0.478796
0.479128
0.479461
0.479794
0.480127
0.48046
