0
0
2.70965e-15
1.70997e-07
6.23033e-05
0.000845944
0.00359991
0.00900025
0.0168366
0.0264389
0.0370924
0.0482475
0.0595738
0.0709238
0.0822572
0.093571
0.104868
0.11615
0.127419
0.138676
0.149922
0.161159
0.172386
0.183605
0.194816
0.206019
0.217215
0.228404
0.239587
0.250764
0.261935
0.273101
0.284261
0.295416
0.306566
0.317712
0.328852
0.339988
0.35112
0.362248
0.373371
0.384491
0.395607
0.406718
0.417827
0.428931
0.440032
0.45113
0.462224
0.473315
0.484402
0.495487
0.506568
0.517646
0.528722
0.539794
0.550864
0.56193
0.572994
0.584055
0.595113
0.606169
0.617222
0.628272
0.63932
0.650365
0.661408
0.672448
0.683486
0.694522
0.705555
0.716585
0.727614
0.73864
0.749664
0.760685
0.771705
0.782722
0.793737
0.80475
0.81576
0.826769
0.837776
0.84878
0.859782
0.870783
0.881781
0.892778
0.903772
0.914764
0.925755
0.936743
0.94773
0.958715
0.969698
0.980679
0.991658
1.00263
1.01361
1.02458
1.03556
1.04653
1.05749
1.06846
1.07943
1.09039
1.10135
1.11231
1.12327
1.13422
1.14518
1.15613
1.16708
1.17803
1.18898
1.19993
1.21087
1.22181
1.23275
1.24369
1.25463
1.26557
1.2765
1.28744
1.29837
1.3093
1.32023
1.33116
1.34208
1.35301
1.36393
1.37485
1.38577
1.39669
1.40761
1.41852
1.42944
1.44035
1.45126
1.46217
1.47308
1.48398
1.49489
1.50579
1.5167
1.5276
1.5385
1.5494
1.56029
1.57119
1.58208
1.59297
1.60387
1.61476
1.62565
1.63653
1.64742
1.6583
1.66919
1.68007
1.69095
1.70183
1.71271
1.72358
1.73446
1.74533
1.75621
1.76708
1.77795
1.78882
1.79969
1.81055
1.82142
1.83228
1.84314
1.85401
1.86487
1.87573
1.88658
1.89744
1.90829
1.91915
1.93
1.94085
1.9517
1.96255
1.9734
1.98425
1.99509
2.00594
2.01678
2.02762
2.03846
2.0493
2.06014
2.07098
2.08182
2.09265
2.10348
2.11432
2.12515
