0
0
4.84096e-14
3.05497e-06
0.00111019
0.0140575
0.049943
0.099293
0.146105
0.18142
0.203773
0.215759
0.221207
0.223468
0.224601
0.225416
0.226097
0.226687
0.227211
0.227682
0.228113
0.228511
0.228883
0.229233
0.229564
0.22988
0.230183
0.230474
0.230755
0.231027
0.231291
0.231548
0.231799
0.232043
0.232283
0.232517
0.232748
0.232974
0.233196
0.233414
0.233629
0.233841
0.234051
0.234257
0.234461
0.234662
0.234862
0.235059
0.235254
0.235447
0.235638
0.235828
0.236016
0.236202
0.236387
0.236571
0.236753
0.236934
0.237114
0.237293
0.237471
0.237647
0.237823
0.237998
0.238172
0.238345
0.238517
0.238689
0.23886
0.23903
0.239199
0.239368
0.239537
0.239704
0.239871
0.240038
0.240204
0.24037
0.240535
0.2407
0.240864
0.241028
0.241192
0.241355
0.241518
0.241681
0.241843
0.242005
0.242167
0.242328
0.24249
0.24265
0.242811
0.242972
0.243132
0.243292
0.243452
0.243612
0.243771
0.243931
0.24409
0.244249
0.244408
0.244567
0.244725
0.244884
0.245042
0.245201
0.245359
0.245517
0.245675
0.245833
0.245991
0.246149
0.246306
0.246464
0.246622
0.246779
0.246937
0.247094
0.247251
0.247409
0.247566
0.247723
0.24788
0.248038
0.248195
0.248352
0.248509
0.248666
0.248823
0.24898
0.249137
0.249294
0.249451
0.249608
0.249765
0.249922
0.250079
0.250236
0.250393
0.25055
0.250707
0.250864
0.251021
0.251178
0.251335
0.251492
0.251649
0.251806
0.251963
0.25212
0.252277
0.252434
0.252591
0.252748
0.252905
0.253062
0.253219
0.253376
0.253533
0.253691
0.253848
0.254005
0.254162
0.254319
0.254477
0.254634
0.254791
0.254949
0.255106
0.255263
0.255421
0.255578
0.255735
0.255893
0.25605
0.256208
0.256365
0.256523
0.25668
0.256838
0.256996
0.257153
0.257311
0.257468
0.257626
0.257784
0.257941
0.258099
0.258257
0.258415
0.258572
0.25873
0.258888
0.259046
0.259204
0.259362
0.25952
0.259677
0.259835
