0
0
7.48318e-20
4.72238e-12
1.72017e-09
2.32027e-08
9.72498e-08
2.39189e-07
4.41015e-07
6.84235e-07
9.50582e-07
1.22679e-06
1.50539e-06
1.78348e-06
2.06059e-06
2.33693e-06
2.61269e-06
2.888e-06
3.16292e-06
3.43751e-06
3.7118e-06
3.98581e-06
4.25958e-06
4.53312e-06
4.80644e-06
5.07957e-06
5.3525e-06
5.62526e-06
5.89786e-06
6.17029e-06
6.44258e-06
6.71472e-06
6.98672e-06
7.25859e-06
7.53034e-06
7.80196e-06
8.07347e-06
8.34486e-06
8.61614e-06
8.88732e-06
9.15839e-06
9.42936e-06
9.70024e-06
9.97102e-06
1.02417e-05
1.05123e-05
1.07828e-05
1.10533e-05
1.13236e-05
1.15939e-05
1.18641e-05
1.21342e-05
1.24042e-05
1.26742e-05
1.29441e-05
1.32139e-05
1.34837e-05
1.37533e-05
1.4023e-05
1.42925e-05
1.4562e-05
1.48314e-05
1.51008e-05
1.53701e-05
1.56393e-05
1.59085e-05
1.61776e-05
1.64467e-05
1.67157e-05
1.69847e-05
1.72536e-05
1.75224e-05
1.77912e-05
1.80599e-05
1.83286e-05
1.85972e-05
1.88658e-05
1.91343e-05
1.94028e-05
1.96713e-05
1.99396e-05
2.0208e-05
2.04763e-05
2.07445e-05
2.10127e-05
2.12809e-05
2.1549e-05
2.1817e-05
2.2085e-05
2.2353e-05
2.26209e-05
2.28888e-05
2.31567e-05
2.34245e-05
2.36922e-05
2.396e-05
2.42276e-05
2.44953e-05
2.47629e-05
2.50304e-05
2.52979e-05
2.55654e-05
2.58329e-05
2.61003e-05
2.63676e-05
2.6635e-05
2.69022e-05
2.71695e-05
2.74367e-05
2.77039e-05
2.7971e-05
2.82381e-05
2.85052e-05
2.87722e-05
2.90392e-05
2.93062e-05
2.95731e-05
2.984e-05
3.01069e-05
3.03737e-05
3.06405e-05
3.09073e-05
3.1174e-05
3.14407e-05
3.17074e-05
3.1974e-05
3.22406e-05
3.25072e-05
3.27737e-05
3.30402e-05
3.33067e-05
3.35731e-05
3.38395e-05
3.41059e-05
3.43723e-05
3.46386e-05
3.49049e-05
3.51711e-05
3.54373e-05
3.57035e-05
3.59697e-05
3.62358e-05
3.65019e-05
3.6768e-05
3.70341e-05
3.73001e-05
3.75661e-05
3.78321e-05
3.8098e-05
3.83639e-05
3.86298e-05
3.88956e-05
3.91615e-05
3.94273e-05
3.9693e-05
3.99588e-05
4.02245e-05
4.04902e-05
4.07558e-05
4.10215e-05
4.12871e-05
4.15527e-05
4.18182e-05
4.20838e-05
4.23493e-05
4.26148e-05
4.28802e-05
4.31456e-05
4.3411e-05
4.36764e-05
4.39418e-05
4.42071e-05
4.44724e-05
4.47377e-05
4.50029e-05
4.52682e-05
4.55334e-05
4.57985e-05
4.60637e-05
4.63288e-05
4.65939e-05
4.6859e-05
4.71241e-05
4.73891e-05
4.76541e-05
4.79191e-05
4.81841e-05
4.8449e-05
4.87139e-05
4.89788e-05
4.92437e-05
4.95085e-05
4.97733e-05
5.00381e-05
5.03029e-05
5.05677e-05
5.08324e-05
5.10971e-05
5.13618e-05
5.16265e-05
5.18911e-05
