0
0
1.78644e-14
1.12737e-06
0.000410766
0.00557982
0.0237702
0.0595029
0.111443
0.175188
0.246011
0.320265
0.395744
0.471455
0.547114
0.622696
0.698208
0.773664
0.849064
0.924422
0.999728
1.07501
1.15022
1.22546
1.30057
1.37583
1.45085
1.52658
1.60214
1.68196
1.7676
1.88802
2.09381
2.59196
3.74563
6.30331
11.3842
21.2363
39.9372
75.4462
142.671
270.116
511.688
969.981
1839.75
3491.43
6629.42
12594.3
23937.9
45520.5
86602.1
164833
313867
597900
1.13943e+06
2.17228e+06
4.14295e+06
7.90431e+06
1.5086e+07
2.88027e+07
5.50099e+07
1.05097e+08
2.00854e+08
3.83977e+08
7.34281e+08
1.40459e+09
2.68758e+09
5.14394e+09
9.84807e+09
1.88592e+10
3.61253e+10
6.92169e+10
1.32655e+11
2.54297e+11
4.87602e+11
9.35178e+11
1.79401e+12
3.44235e+12
6.60668e+12
1.26826e+13
2.43516e+13
4.67672e+13
8.9835e+13
1.726e+14
3.31684e+14
6.37522e+14
1.22561e+15
2.35664e+15
4.5323e+15
8.71817e+15
1.67731e+16
3.22762e+16
6.21196e+16
1.19578e+17
2.30226e+17
4.43333e+17
8.53849e+17
1.64477e+18
3.16886e+18
6.1062e+18
1.17682e+19
2.2684e+19
4.37318e+19
8.43224e+19
1.62613e+20
3.13643e+20
6.05034e+20
1.16732e+21
2.25249e+21
4.34708e+21
8.39066e+21
1.61978e+22
3.12735e+22
6.03889e+22
1.16626e+23
2.25265e+23
4.35162e+23
8.40743e+23
1.62455e+24
3.13948e+24
6.06789e+24
1.17293e+25
2.26756e+25
4.3843e+25
8.47799e+25
1.6396e+26
3.17127e+26
6.13449e+26
1.18679e+27
2.29625e+27
4.44336e+27
8.5991e+27
1.66434e+28
3.22163e+28
6.23672e+28
1.20749e+29
2.33805e+29
4.52761e+29
8.76856e+29
1.69836e+30
3.28984e+30
6.37326e+30
1.23478e+31
2.39254e+31
4.63626e+31
8.98497e+31
1.74143e+32
3.37546e+32
6.54331e+32
1.26853e+33
2.45947e+33
4.7689e+33
9.24765e+33
1.79341e+34
3.47828e+34
6.74657e+34
1.30869e+35
2.53877e+35
4.92542e+35
9.55644e+35
1.85431e+36
3.59831e+36
6.9831e+36
1.35528e+37
2.6305e+37
5.10598e+37
9.91174e+37
1.9242e+38
3.73576e+38
7.25331e+38
1.40839e+39
2.73486e+39
5.311e+39
1.03144e+40
2.00326e+40
3.89097e+40
7.55796e+40
1.46817e+41
2.85215e+41
5.54108e+41
1.07657e+42
2.09175e+42
4.06447e+42
7.89808e+42
1.53483e+43
2.9828e+43
5.79708e+43
1.12672e+44
2.19001e+44
4.25693e+44
8.27501e+44
1.60865e+45
3.12733e+45
6.08005e+45
1.18212e+46
2.29844e+46
4.46916e+46
8.69036e+46
1.68993e+47
3.28638e+47
6.39124e+47
