0
0
1.24817e-15
7.87678e-08
2.86991e-05
0.000389609
0.0016574
0.00414236
0.00774709
0.012163
0.0170613
0.0221894
0.0273954
0.0326118
0.03782
0.0430188
0.0482096
0.0533932
0.0585706
0.0637423
0.0689089
0.0740707
0.0792282
0.0843817
0.0895313
0.0946774
0.0998202
0.10496
0.110096
0.11523
0.120361
0.125489
0.130615
0.135738
0.14086
0.145978
0.151095
0.15621
0.161322
0.166433
0.171541
0.176648
0.181753
0.186857
0.191958
0.197058
0.202156
0.207253
0.212348
0.217442
0.222534
0.227625
0.232714
0.237802
0.242888
0.247974
0.253057
0.25814
0.263221
0.268301
0.27338
0.278458
0.283534
0.288609
0.293683
0.298756
0.303828
0.308898
0.313968
0.319036
0.324104
0.32917
0.334236
0.3393
0.344363
0.349425
0.354487
0.359547
0.364606
0.369665
0.374722
0.379779
0.384834
0.389889
0.394943
0.399995
0.405047
0.410098
0.415149
0.420198
0.425246
0.430294
0.435341
0.440387
0.445432
0.450476
0.45552
0.460562
0.465604
0.470645
0.475686
0.480725
0.485764
0.490802
0.495839
0.500876
0.505911
0.510946
0.515981
0.521014
0.526047
0.531079
0.53611
0.541141
0.546171
0.5512
0.556229
0.561256
0.566283
0.57131
0.576336
0.581361
0.586385
0.591409
0.596432
0.601454
0.606476
0.611497
0.616518
0.621537
0.626557
0.631575
0.636593
0.64161
0.646627
0.651643
0.656658
0.661673
0.666687
0.671701
0.676714
0.681726
0.686738
0.691749
0.696759
0.701769
0.706779
0.711788
0.716796
0.721803
0.72681
0.731817
0.736823
0.741828
0.746833
0.751837
0.75684
0.761844
0.766846
0.771848
0.776849
0.78185
0.78685
0.79185
0.796849
0.801848
0.806846
0.811844
0.816841
0.821837
0.826833
0.831829
0.836824
0.841818
0.846812
0.851805
0.856798
0.86179
0.866782
0.871774
0.876764
0.881755
0.886744
0.891734
0.896722
0.901711
0.906699
0.911686
0.916673
0.921659
0.926645
0.93163
0.936615
0.941599
0.946583
0.951566
0.956549
0.961532
0.966514
0.971495
0.976476
