0
0
1.216e-15
7.67379e-08
2.7907e-05
0.000360622
0.00136207
0.00297
0.00486702
0.00675431
0.00845426
0.00990513
0.0111224
0.0121566
0.0130602
0.0138709
0.0146123
0.0152995
0.0159433
0.0165514
0.0171295
0.017682
0.0182124
0.0187234
0.0192175
0.0196964
0.0201616
0.0206146
0.0210564
0.021488
0.0219103
0.0223241
0.0227298
0.0231283
0.0235199
0.0239051
0.0242843
0.0246579
0.0250263
0.0253897
0.0257484
0.0261028
0.0264529
0.026799
0.0271414
0.0274802
0.0278155
0.0281476
0.0284765
0.0288024
0.0291255
0.0294458
0.0297634
0.0300785
0.0303911
0.0307014
0.0310093
0.0313151
0.0316187
0.0319203
0.0322199
0.0325175
0.0328133
0.0331073
0.0333994
0.0336899
0.0339787
0.0342659
0.0345515
0.0348356
0.0351181
0.0353992
0.0356789
0.0359572
0.0362341
0.0365097
0.036784
0.037057
0.0373288
0.0375994
0.0378688
0.038137
0.0384041
0.0386701
0.0389349
0.0391987
0.0394615
0.0397232
0.0399839
0.0402436
0.0405023
0.04076
0.0410168
0.0412727
0.0415276
0.0417817
0.0420349
0.0422872
0.0425386
0.0427892
0.043039
0.0432879
0.0435361
0.0437834
0.04403
0.0442758
0.0445208
0.0447651
0.0450086
0.0452514
0.0454935
0.0457348
0.0459755
0.0462155
0.0464548
0.0466934
0.0469313
0.0471686
0.0474053
0.0476413
0.0478766
0.0481114
0.0483455
0.048579
0.0488119
0.0490441
0.0492758
0.049507
0.0497375
0.0499674
0.0501968
0.0504257
0.0506539
0.0508817
0.0511088
0.0513355
0.0515616
0.0517872
0.0520122
0.0522368
0.0524608
0.0526843
0.0529074
0.0531299
0.0533519
0.0535735
0.0537945
0.0540151
0.0542352
0.0544548
0.054674
0.0548927
0.055111
0.0553288
0.0555461
0.055763
0.0559795
0.0561955
0.0564111
0.0566263
0.056841
0.0570553
0.0572692
0.0574827
0.0576958
0.0579084
0.0581207
0.0583325
0.058544
0.058755
0.0589657
0.059176
0.0593858
0.0595953
0.0598045
0.0600132
0.0602216
0.0604295
0.0606372
0.0608444
0.0610513
0.0612578
0.061464
0.0616698
0.0618753
0.0620804
0.0622851
0.0624896
0.0626936
0.0628974
0.0631007
0.0633038
0.0635065
0.0637089
0.063911
0.0641127
0.0643141
0.0645152
0.0647159
0.0649164
0.0651165
