0
0
7.03772e-20
4.44127e-12
1.61778e-09
2.18243e-08
9.14942e-08
2.25055e-07
4.14927e-07
6.4365e-07
8.94002e-07
1.1535e-06
1.41514e-06
1.67622e-06
1.93631e-06
2.19564e-06
2.45442e-06
2.71276e-06
2.97072e-06
3.22836e-06
3.48572e-06
3.74282e-06
3.99969e-06
4.25634e-06
4.51279e-06
4.76905e-06
5.02513e-06
5.28105e-06
5.5368e-06
5.79242e-06
6.04788e-06
6.30322e-06
6.55842e-06
6.8135e-06
7.06846e-06
7.32331e-06
7.57804e-06
7.83267e-06
8.0872e-06
8.34162e-06
8.59595e-06
8.85019e-06
9.10434e-06
9.3584e-06
9.61237e-06
9.86626e-06
1.01201e-05
1.03738e-05
1.06275e-05
1.0881e-05
1.11345e-05
1.1388e-05
1.16413e-05
1.18946e-05
1.21478e-05
1.2401e-05
1.26541e-05
1.29071e-05
1.31601e-05
1.3413e-05
1.36659e-05
1.39186e-05
1.41714e-05
1.4424e-05
1.46767e-05
1.49292e-05
1.51817e-05
1.54342e-05
1.56866e-05
1.59389e-05
1.61912e-05
1.64435e-05
1.66957e-05
1.69478e-05
1.71999e-05
1.7452e-05
1.7704e-05
1.79559e-05
1.82078e-05
1.84597e-05
1.87115e-05
1.89633e-05
1.9215e-05
1.94667e-05
1.97184e-05
1.997e-05
2.02215e-05
2.04731e-05
2.07245e-05
2.0976e-05
2.12274e-05
2.14787e-05
2.17301e-05
2.19813e-05
2.22326e-05
2.24838e-05
2.27349e-05
2.29861e-05
2.32372e-05
2.34882e-05
2.37392e-05
2.39902e-05
2.42412e-05
2.44921e-05
2.47429e-05
2.49938e-05
2.52446e-05
2.54954e-05
2.57461e-05
2.59968e-05
2.62475e-05
2.64981e-05
2.67487e-05
2.69993e-05
2.72498e-05
2.75003e-05
2.77508e-05
2.80012e-05
2.82516e-05
2.8502e-05
2.87524e-05
2.90027e-05
2.9253e-05
2.95032e-05
2.97534e-05
3.00036e-05
3.02538e-05
3.05039e-05
3.0754e-05
3.10041e-05
3.12542e-05
3.15042e-05
3.17542e-05
3.20041e-05
3.22541e-05
3.2504e-05
3.27538e-05
3.30037e-05
3.32535e-05
3.35033e-05
3.37531e-05
3.40028e-05
3.42525e-05
3.45022e-05
3.47519e-05
3.50015e-05
3.52511e-05
3.55007e-05
3.57502e-05
3.59998e-05
3.62493e-05
3.64987e-05
3.67482e-05
3.69976e-05
3.7247e-05
3.74964e-05
3.77458e-05
3.79951e-05
3.82444e-05
3.84937e-05
3.87429e-05
3.89921e-05
3.92413e-05
3.94905e-05
3.97397e-05
3.99888e-05
4.02379e-05
4.0487e-05
4.0736e-05
4.09851e-05
4.12341e-05
4.14831e-05
4.17321e-05
4.1981e-05
4.22299e-05
4.24788e-05
4.27277e-05
4.29765e-05
4.32254e-05
4.34742e-05
4.3723e-05
4.39717e-05
4.42205e-05
4.44692e-05
4.47179e-05
4.49666e-05
4.52152e-05
4.54639e-05
4.57125e-05
4.59611e-05
4.62096e-05
4.64582e-05
4.67067e-05
4.69552e-05
4.72037e-05
4.74522e-05
4.77006e-05
4.7949e-05
4.81974e-05
4.84458e-05
4.86942e-05
