0
0
1.50265e-14
9.48274e-07
0.000345516
0.00469477
0.0200114
0.0501178
0.0938956
0.147632
0.207336
0.269927
0.333538
0.397331
0.461066
0.52472
0.588305
0.651828
0.715296
0.778715
0.84209
0.905423
0.968717
1.03198
1.0952
1.15839
1.22155
1.28469
1.34779
1.41086
1.47391
1.53694
1.59994
1.66291
1.72586
1.78879
1.8517
1.91458
1.97744
2.04028
2.1031
2.16589
2.22867
2.29142
2.35416
2.41688
2.47957
2.54225
2.60491
2.66755
2.73017
2.79277
2.85535
2.91792
2.98046
3.04299
3.1055
3.168
3.23047
3.29293
3.35537
3.41779
3.4802
3.54259
3.60496
3.66732
3.72966
3.79198
3.85428
3.91657
3.97884
4.0411
4.10334
4.16556
4.22777
4.28996
4.35213
4.41429
4.47644
4.53856
4.60068
4.66277
4.72485
4.78692
4.84896
4.911
4.97302
5.03502
5.09701
5.15898
5.22094
5.28288
5.3448
5.40672
5.46861
5.53049
5.59236
5.65421
5.71605
5.77787
5.83968
5.90147
5.96325
6.02501
6.08676
6.14849
6.21021
6.27191
6.3336
6.39528
6.45694
6.51858
6.58022
6.64183
6.70344
6.76503
6.8266
6.88816
6.94971
7.01124
7.07276
7.13426
7.19575
7.25723
7.31869
7.38014
7.44157
7.50299
7.56439
7.62579
7.68716
7.74853
7.80988
7.87121
7.93254
7.99385
8.05514
8.11642
8.17769
8.23894
8.30018
8.36141
8.42262
8.48382
8.54501
8.60618
8.66734
8.72849
8.78962
8.85074
8.91184
8.97294
9.03401
9.09508
9.15613
9.21717
9.27819
9.33921
9.4002
9.46119
9.52216
9.58312
9.64407
9.705
9.76592
9.82682
9.88772
9.9486
10.0095
10.0703
10.1312
10.192
10.2528
10.3136
10.3744
10.4352
10.4959
10.5567
10.6174
10.6781
10.7389
10.7996
10.8602
10.9209
10.9816
11.0422
11.1029
11.1635
11.2241
11.2847
11.3453
11.4058
11.4664
11.5269
11.5875
11.648
11.7085
11.769
11.8295
11.8899
11.9504
