0
0
4.60036e-14
2.90313e-06
0.00105502
0.0133634
0.0475193
0.0945688
0.139289
0.173138
0.194704
0.206439
0.21197
0.214482
0.215929
0.217083
0.21812
0.219082
0.219988
0.220853
0.221684
0.22249
0.223273
0.224037
0.224785
0.225519
0.226239
0.226948
0.227645
0.228333
0.229011
0.229681
0.230342
0.230996
0.231643
0.232282
0.232915
0.233543
0.234164
0.234779
0.23539
0.235995
0.236595
0.237191
0.237782
0.238369
0.238951
0.23953
0.240105
0.240676
0.241244
0.241808
0.24237
0.242928
0.243482
0.244034
0.244583
0.24513
0.245673
0.246215
0.246753
0.247289
0.247823
0.248354
0.248884
0.249411
0.249936
0.250459
0.25098
0.251499
0.252016
0.252531
0.253045
0.253556
0.254066
0.254575
0.255081
0.255587
0.25609
0.256592
0.257093
0.257592
0.25809
0.258586
0.259081
0.259575
0.260067
0.260558
0.261048
0.261537
0.262024
0.26251
0.262995
0.263479
0.263962
0.264444
0.264924
0.265404
0.265882
0.26636
0.266836
0.267312
0.267786
0.26826
0.268732
0.269204
0.269675
0.270145
0.270613
0.271082
0.271549
0.272015
0.27248
0.272945
0.273409
0.273872
0.274334
0.274795
0.275256
0.275716
0.276175
0.276633
0.277091
0.277548
0.278004
0.278459
0.278914
0.279367
0.279821
0.280273
0.280725
0.281176
0.281626
0.282076
0.282525
0.282974
0.283422
0.283869
0.284315
0.284761
0.285206
0.285651
0.286095
0.286538
0.286981
0.287423
0.287864
0.288305
0.288746
0.289185
0.289624
0.290063
0.290501
0.290938
0.291375
0.291811
0.292247
0.292682
0.293116
0.29355
0.293983
0.294416
0.294848
0.29528
0.295711
0.296142
0.296572
0.297001
0.29743
0.297858
0.298286
0.298714
0.29914
0.299567
0.299992
0.300418
0.300842
0.301267
0.30169
0.302113
0.302536
0.302958
0.30338
0.303801
0.304221
0.304641
0.305061
0.30548
0.305898
0.306316
0.306734
0.307151
0.307567
0.307983
0.308399
0.308814
0.309228
0.309642
0.310056
0.310469
0.310881
