0
0
1.93123e-15
1.21873e-07
4.43353e-05
0.000577753
0.00222532
0.00494157
0.00820858
0.0115072
0.0145127
0.0171
0.0192819
0.0211379
0.0227561
0.0242022
0.0255186
0.0267333
0.027866
0.0289312
0.0299397
0.0309001
0.031819
0.0327018
0.0335528
0.0343755
0.0351731
0.0359479
0.0367022
0.0374377
0.0381562
0.0388589
0.0395471
0.0402219
0.0408842
0.0415349
0.0421748
0.0428045
0.0434247
0.0440359
0.0446386
0.0452334
0.0458206
0.0464007
0.046974
0.0475408
0.0481014
0.0486562
0.0492054
0.0497492
0.0502879
0.0508217
0.0513507
0.0518752
0.0523954
0.0529114
0.0534233
0.0539313
0.0544356
0.0549363
0.0554334
0.0559271
0.0564176
0.0569048
0.057389
0.0578702
0.0583485
0.0588239
0.0592966
0.0597666
0.0602341
0.060699
0.0611614
0.0616214
0.0620791
0.0625345
0.0629876
0.0634386
0.0638874
0.0643342
0.0647789
0.0652216
0.0656624
0.0661013
0.0665383
0.0669734
0.0674068
0.0678384
0.0682683
0.0686964
0.069123
0.0695478
0.0699711
0.0703928
0.070813
0.0712316
0.0716487
0.0720644
0.0724786
0.0728914
0.0733028
0.0737128
0.0741215
0.0745288
0.0749348
0.0753395
0.0757429
0.0761451
0.076546
0.0769457
0.0773442
0.0777415
0.0781376
0.0785326
0.0789264
0.0793191
0.0797107
0.0801011
0.0804905
0.0808789
0.0812661
0.0816523
0.0820375
0.0824217
0.0828048
0.0831869
0.0835681
0.0839483
0.0843275
0.0847058
0.0850831
0.0854595
0.0858349
0.0862095
0.0865831
0.0869559
0.0873277
0.0876987
0.0880688
0.0884381
0.0888065
0.0891741
0.0895408
0.0899067
0.0902718
0.0906361
0.0909995
0.0913622
0.0917241
0.0920852
0.0924456
0.0928051
0.093164
0.093522
0.0938793
0.0942359
0.0945918
0.0949469
0.0953013
0.095655
0.0960079
0.0963602
0.0967118
0.0970627
0.0974129
0.0977624
0.0981112
0.0984594
0.0988069
0.0991538
0.0995
0.0998455
0.10019
0.100535
0.100878
0.101221
0.101564
0.101905
0.102247
0.102587
0.102927
0.103266
0.103605
0.103943
0.104281
0.104618
0.104954
0.10529
0.105625
0.10596
0.106294
0.106628
0.106961
0.107293
0.107625
0.107956
0.108287
0.108617
0.108947
0.109276
0.109605
