0
0
1.63326e-14
1.0307e-06
0.000375547
0.00510234
0.0217442
0.0544459
0.101986
0.160329
0.22514
0.293072
0.362101
0.431316
0.500459
0.569505
0.638466
0.70735
0.776166
0.844919
0.913614
0.982255
1.05084
1.11938
1.18788
1.25633
1.32474
1.3931
1.46143
1.52971
1.59796
1.66618
1.73436
1.8025
1.87061
1.93868
2.00672
2.07473
2.14271
2.21066
2.27858
2.34646
2.41432
2.48215
2.54994
2.61771
2.68546
2.75317
2.82085
2.88851
2.95614
3.02375
3.09133
3.15888
3.2264
3.2939
3.36138
3.42883
3.49625
3.56365
3.63102
3.69837
3.7657
3.833
3.90027
3.96753
4.03476
4.10196
4.16914
4.2363
4.30344
4.37055
4.43764
4.50471
4.57175
4.63877
4.70577
4.77275
4.83971
4.90664
4.97355
5.04044
5.10731
5.17416
5.24098
5.30778
5.37457
5.44133
5.50807
5.57479
5.64148
5.70816
5.77482
5.84145
5.90807
5.97466
6.04124
6.10779
6.17433
6.24084
6.30733
6.37381
6.44026
6.50669
6.57311
6.6395
6.70588
6.77223
6.83857
6.90488
6.97118
7.03745
7.10371
7.16995
7.23617
7.30237
7.36855
7.43471
7.50086
7.56698
7.63308
7.69917
7.76524
7.83129
7.89732
7.96333
8.02932
8.0953
8.16125
8.22719
8.29311
8.35901
8.4249
8.49076
8.55661
8.62244
8.68825
8.75404
8.81982
8.88557
8.95131
9.01703
9.08274
9.14842
9.21409
9.27974
9.34537
9.41099
9.47658
9.54216
9.60773
9.67327
9.7388
9.80431
9.8698
9.93528
10.0007
10.0662
10.1316
10.197
10.2624
10.3278
10.3931
10.4585
10.5238
10.5891
10.6544
10.7196
10.7849
10.8501
10.9154
10.9806
11.0457
11.1109
11.1761
11.2412
11.3063
11.3714
11.4365
11.5016
11.5666
11.6317
11.6967
11.7617
11.8267
11.8917
11.9566
12.0216
12.0865
12.1514
12.2163
12.2812
12.346
12.4109
12.4757
12.5405
12.6053
12.6701
12.7348
12.7996
12.8643
