0
0
3.74099e-14
2.36082e-06
0.000858293
0.0109974
0.040462
0.0845786
0.131418
0.171702
0.201421
0.22074
0.232062
0.238322
0.241861
0.244046
0.245529
0.24662
0.247475
0.248177
0.248773
0.249292
0.249752
0.250165
0.25054
0.250883
0.2512
0.251493
0.251768
0.252025
0.252267
0.252495
0.252712
0.252919
0.253115
0.253304
0.253484
0.253658
0.253825
0.253987
0.254143
0.254295
0.254442
0.254584
0.254723
0.254859
0.254991
0.255121
0.255247
0.255371
0.255493
0.255612
0.25573
0.255845
0.255959
0.256071
0.256181
0.25629
0.256397
0.256503
0.256608
0.256712
0.256815
0.256916
0.257017
0.257117
0.257215
0.257313
0.257411
0.257507
0.257603
0.257699
0.257793
0.257887
0.257981
0.258074
0.258166
0.258258
0.25835
0.258441
0.258532
0.258622
0.258712
0.258802
0.258891
0.25898
0.259069
0.259157
0.259246
0.259333
0.259421
0.259509
0.259596
0.259683
0.25977
0.259856
0.259943
0.260029
0.260115
0.260201
0.260287
0.260372
0.260458
0.260543
0.260629
0.260714
0.260799
0.260884
0.260968
0.261053
0.261138
0.261222
0.261307
0.261391
0.261475
0.26156
0.261644
0.261728
0.261812
0.261896
0.26198
0.262063
0.262147
0.262231
0.262314
0.262398
0.262482
0.262565
0.262649
0.262732
0.262815
0.262899
0.262982
0.263065
0.263149
0.263232
0.263315
0.263398
0.263481
0.263564
0.263647
0.26373
0.263814
0.263897
0.26398
0.264063
0.264145
0.264228
0.264311
0.264394
0.264477
0.26456
0.264643
0.264726
0.264809
0.264891
0.264974
0.265057
0.26514
0.265223
0.265305
0.265388
0.265471
0.265554
0.265636
0.265719
0.265802
0.265885
0.265967
0.26605
0.266133
0.266216
0.266298
0.266381
0.266464
0.266546
0.266629
0.266712
0.266794
0.266877
0.26696
0.267042
0.267125
0.267208
0.26729
0.267373
0.267456
0.267538
0.267621
0.267704
0.267786
0.267869
0.267952
0.268034
0.268117
0.268199
0.268282
0.268365
0.268447
0.26853
0.268613
