0
0
3.60023e-14
2.27199e-06
0.00082605
0.0106026
0.039183
0.0823176
0.12851
0.168635
0.198603
0.218394
0.230229
0.236928
0.240791
0.243195
0.244822
0.246008
0.246926
0.247672
0.248301
0.248844
0.249323
0.249751
0.250139
0.250493
0.250819
0.251121
0.251402
0.251665
0.251912
0.252145
0.252366
0.252576
0.252776
0.252967
0.253149
0.253325
0.253494
0.253656
0.253813
0.253965
0.254113
0.254256
0.254395
0.25453
0.254662
0.25479
0.254916
0.255039
0.255159
0.255277
0.255393
0.255507
0.255619
0.255729
0.255837
0.255944
0.256049
0.256153
0.256255
0.256356
0.256456
0.256555
0.256653
0.25675
0.256846
0.256941
0.257035
0.257128
0.257221
0.257313
0.257404
0.257495
0.257585
0.257674
0.257763
0.257852
0.25794
0.258027
0.258114
0.2582
0.258287
0.258372
0.258458
0.258543
0.258627
0.258712
0.258796
0.25888
0.258963
0.259047
0.25913
0.259212
0.259295
0.259377
0.259459
0.259541
0.259623
0.259704
0.259786
0.259867
0.259948
0.260029
0.26011
0.26019
0.260271
0.260351
0.260431
0.260511
0.260591
0.260671
0.260751
0.260831
0.26091
0.26099
0.261069
0.261148
0.261228
0.261307
0.261386
0.261465
0.261544
0.261623
0.261701
0.26178
0.261859
0.261938
0.262016
0.262095
0.262173
0.262252
0.26233
0.262408
0.262487
0.262565
0.262643
0.262721
0.2628
0.262878
0.262956
0.263034
0.263112
0.26319
0.263268
0.263346
0.263424
0.263502
0.26358
0.263658
0.263736
0.263813
0.263891
0.263969
0.264047
0.264125
0.264202
0.26428
0.264358
0.264436
0.264513
0.264591
0.264669
0.264746
0.264824
0.264902
0.264979
0.265057
0.265135
0.265212
0.26529
0.265367
0.265445
0.265523
0.2656
0.265678
0.265755
0.265833
0.26591
0.265988
0.266066
0.266143
0.266221
0.266298
0.266376
0.266453
0.266531
0.266608
0.266686
0.266763
0.266841
0.266918
0.266996
0.267073
0.267151
0.267228
0.267306
0.267383
0.267461
0.267538
0.267616
