0
0
4.46295e-15
2.81642e-07
0.000102618
0.00139359
0.0059329
0.014839
0.0277681
0.0436157
0.0612026
0.0796214
0.098326
0.117072
0.135793
0.154482
0.173145
0.191785
0.210404
0.229005
0.247588
0.266156
0.284709
0.303248
0.321775
0.34029
0.358794
0.377287
0.39577
0.414243
0.432706
0.451161
0.469607
0.488045
0.506474
0.524896
0.543311
0.561718
0.580118
0.598511
0.616898
0.635278
0.653651
0.672019
0.69038
0.708735
0.727085
0.745429
0.763767
0.7821
0.800428
0.81875
0.837067
0.855379
0.873686
0.891988
0.910285
0.928577
0.946865
0.965148
0.983427
1.0017
1.01997
1.03824
1.0565
1.07475
1.09301
1.11125
1.1295
1.14774
1.16597
1.18421
1.20243
1.22066
1.23888
1.25709
1.27531
1.29352
1.31172
1.32992
1.34812
1.36631
1.3845
1.40269
1.42087
1.43905
1.45723
1.4754
1.49357
1.51174
1.5299
1.54806
1.56622
1.58437
1.60252
1.62067
1.63881
1.65695
1.67509
1.69322
1.71135
1.72948
1.7476
1.76572
1.78384
1.80195
1.82007
1.83817
1.85628
1.87438
1.89248
1.91058
1.92867
1.94676
1.96485
1.98294
2.00102
2.0191
2.03718
2.05525
2.07332
2.09139
2.10945
2.12752
2.14558
2.16363
2.18169
2.19974
2.21779
2.23583
2.25388
2.27192
2.28996
2.30799
2.32602
2.34405
2.36208
2.38011
2.39813
2.41615
2.43417
2.45218
2.47019
2.4882
2.50621
2.52421
2.54222
2.56021
2.57821
2.59621
2.6142
2.63219
2.65017
2.66816
2.68614
2.70412
2.7221
2.74007
2.75804
2.77601
2.79398
2.81194
2.82991
2.84787
2.86582
2.88378
2.90173
2.91968
2.93763
2.95558
2.97352
2.99146
3.0094
3.02734
3.04527
3.0632
3.08113
3.09906
3.11699
3.13491
3.15283
3.17075
3.18866
3.20658
3.22449
3.2424
3.2603
3.27821
3.29611
3.31401
3.33191
3.34981
3.3677
3.38559
3.40348
3.42137
3.43925
3.45714
3.47502
3.49289
3.51077
