0
0
9.52722e-15
6.01231e-07
0.000218737
0.00285771
0.0110957
0.0249576
0.0420496
0.059722
0.0761538
0.0905066
0.102691
0.113027
0.121939
0.129773
0.13677
0.143098
0.148882
0.154215
0.159171
0.163806
0.168167
0.172292
0.176212
0.179951
0.183531
0.186971
0.190285
0.193487
0.196588
0.199597
0.202523
0.205374
0.208155
0.210874
0.213534
0.21614
0.218697
0.221208
0.223675
0.226103
0.228494
0.23085
0.233173
0.235465
0.237729
0.239965
0.242175
0.244361
0.246524
0.248665
0.250786
0.252886
0.254968
0.257032
0.259079
0.261109
0.263124
0.265123
0.267108
0.269079
0.271038
0.272983
0.274916
0.276836
0.278746
0.280644
0.282533
0.28441
0.286277
0.288135
0.289984
0.291823
0.293653
0.295475
0.297289
0.299094
0.300892
0.302681
0.304464
0.306239
0.308007
0.309768
0.311523
0.313269
0.315012
0.316745
0.318476
0.320197
0.321916
0.323625
0.325333
0.327031
0.328729
0.330417
0.332105
0.333783
0.335462
0.337131
0.338804
0.340464
0.342131
0.343784
0.345448
0.347097
0.34876
0.350408
0.352076
0.353727
0.355406
0.357069
0.358769
0.360455
0.362192
0.36392
0.365718
0.367516
0.369411
0.371323
0.373374
0.375468
0.377761
0.380144
0.382813
0.385649
0.388899
0.392438
0.396582
0.401203
0.406709
0.412977
0.420535
0.429275
0.439872
0.45225
0.467253
0.484852
0.506073
0.530942
0.560672
0.595345
0.63636
0.683866
0.739446
0.803351
0.877366
0.961901
1.05899
1.16929
1.29514
1.43754
1.59927
1.78176
1.98831
2.22098
2.48373
2.77937
3.11272
3.48758
3.90984
4.38452
4.91889
5.51953
6.19543
6.95516
7.8099
8.77071
9.85157
11.0667
12.4336
13.9704
15.6993
17.6434
19.8305
22.2902
25.0575
28.1703
31.6726
35.6126
40.0461
45.0344
50.6479
56.9646
64.0739
72.0748
81.0803
91.2165
102.627
115.471
129.931
146.21
164.538
185.175
208.412
234.578
264.044
297.228
334.6
376.69
424.098
