0
0
1.0838e-14
6.83949e-07
0.000248715
0.00321019
0.0121512
0.0268181
0.0445895
0.062673
0.0792339
0.0934828
0.105406
0.115404
0.123941
0.131418
0.138056
0.144133
0.149739
0.155511
0.162187
0.173929
0.199951
0.267298
0.420711
0.740338
1.35981
2.54088
4.77085
8.98236
16.9311
31.9495
60.3398
114.054
215.749
408.42
773.688
1466.61
2781.9
5279.98
10027.1
19053
36223.1
68902.2
131128
249671
475598
906372
1.72807e+06
3.29606e+06
6.28935e+06
1.20056e+07
2.29261e+07
4.37959e+07
8.36934e+07
1.59992e+08
3.05952e+08
5.85261e+08
1.11991e+09
2.14364e+09
4.10441e+09
7.86098e+09
1.50601e+10
2.88601e+10
5.53208e+10
1.0607e+11
2.03428e+11
3.90247e+11
7.48817e+11
1.4372e+12
2.75906e+12
5.29794e+12
1.01754e+13
1.95476e+13
3.75603e+13
7.21868e+13
1.38764e+14
2.66801e+14
5.13081e+14
9.86891e+14
1.89862e+15
3.65333e+15
7.03108e+15
1.35343e+16
2.60571e+16
5.01759e+16
9.66363e+16
1.86149e+17
3.58636e+17
6.91066e+17
1.33185e+18
2.56722e+18
4.94924e+18
9.54292e+18
1.84031e+19
3.5495e+19
6.84711e+19
1.32102e+20
2.54904e+20
4.91932e+20
9.49498e+20
1.83292e+21
3.53875e+21
6.83307e+21
1.31959e+22
2.54869e+22
4.92326e+22
9.51134e+22
1.83774e+23
3.55125e+23
6.86326e+23
1.32657e+24
2.56438e+24
4.95774e+24
9.58595e+24
1.85368e+25
3.58495e+25
6.9339e+25
1.34128e+26
2.59482e+26
5.02043e+26
9.71448e+26
1.87993e+27
3.63838e+27
7.04233e+27
1.36323e+28
2.63913e+28
5.10969e+28
9.89395e+28
1.91595e+29
3.71055e+29
7.18674e+29
1.39208e+30
2.6967e+30
5.22445e+30
1.01224e+31
1.96139e+31
3.80085e+31
7.36602e+31
1.42764e+32
2.7672e+32
5.36408e+32
1.03988e+33
2.01607e+33
3.90894e+33
7.57959e+33
1.46982e+34
2.85045e+34
5.52833e+34
1.07227e+35
2.07992e+35
4.03475e+35
7.82738e+35
1.51861e+36
2.94648e+36
5.71727e+36
1.10944e+37
2.15299e+37
4.17841e+37
8.10971e+37
1.57408e+38
3.05543e+38
5.93124e+38
1.15145e+39
2.23546e+39
4.34024e+39
8.42725e+39
1.63637e+40
3.17762e+40
6.17084e+40
1.19842e+41
2.32755e+41
4.52076e+41
8.78103e+41
1.70569e+42
3.31344e+42
6.43691e+42
1.25054e+43
2.42962e+43
4.72063e+43
9.17238e+43
1.78231e+44
3.46343e+44
6.73051e+44
1.308e+45
2.54208e+45
4.94069e+45
9.60296e+45
1.86656e+46
3.62824e+46
7.0529e+46
1.37106e+47
2.66542e+47
5.18192e+47
1.00747e+48
1.95881e+48
3.80862e+48
7.4056e+48
1.44002e+49
2.80023e+49
5.44546e+49
