0
0
4.43915e-20
2.8014e-12
1.01861e-09
1.31011e-08
4.87594e-08
1.0378e-07
1.65032e-07
2.21649e-07
2.6835e-07
3.04473e-07
3.31969e-07
3.53578e-07
3.71602e-07
3.87452e-07
4.01868e-07
4.15252e-07
4.27846e-07
4.39806e-07
4.51243e-07
4.62236e-07
4.72846e-07
4.83121e-07
4.931e-07
5.02813e-07
5.12288e-07
5.21546e-07
5.30608e-07
5.39489e-07
5.48203e-07
5.56765e-07
5.65184e-07
5.73471e-07
5.81635e-07
5.89683e-07
5.97623e-07
6.05461e-07
6.13204e-07
6.20856e-07
6.28422e-07
6.35907e-07
6.43316e-07
6.50651e-07
6.57916e-07
6.65115e-07
6.7225e-07
6.79324e-07
6.86341e-07
6.93301e-07
7.00208e-07
7.07063e-07
7.13869e-07
7.20627e-07
7.27338e-07
7.34006e-07
7.4063e-07
7.47213e-07
7.53755e-07
7.60259e-07
7.66725e-07
7.73154e-07
7.79548e-07
7.85907e-07
7.92232e-07
7.98525e-07
8.04786e-07
8.11016e-07
8.17216e-07
8.23387e-07
8.29528e-07
8.35642e-07
8.41728e-07
8.47788e-07
8.53821e-07
8.59829e-07
8.65812e-07
8.7177e-07
8.77704e-07
8.83615e-07
8.89502e-07
8.95368e-07
9.0121e-07
9.07032e-07
9.12831e-07
9.1861e-07
9.24369e-07
9.30107e-07
9.35825e-07
9.41524e-07
9.47203e-07
9.52864e-07
9.58506e-07
9.6413e-07
9.69736e-07
9.75324e-07
9.80895e-07
9.86448e-07
9.91985e-07
9.97505e-07
1.00301e-06
1.0085e-06
1.01397e-06
1.01942e-06
1.02486e-06
1.03029e-06
1.0357e-06
1.04109e-06
1.04647e-06
1.05184e-06
1.05719e-06
1.06253e-06
1.06785e-06
1.07316e-06
1.07845e-06
1.08373e-06
1.089e-06
1.09426e-06
1.0995e-06
1.10473e-06
1.10995e-06
1.11515e-06
1.12034e-06
1.12552e-06
1.13069e-06
1.13585e-06
1.14099e-06
1.14612e-06
1.15124e-06
1.15635e-06
1.16145e-06
1.16653e-06
1.17161e-06
1.17667e-06
1.18172e-06
1.18676e-06
1.1918e-06
1.19682e-06
1.20183e-06
1.20682e-06
1.21181e-06
1.21679e-06
1.22176e-06
1.22672e-06
1.23167e-06
1.23661e-06
1.24153e-06
1.24645e-06
1.25136e-06
1.25626e-06
1.26115e-06
1.26603e-06
1.27091e-06
1.27577e-06
1.28062e-06
1.28547e-06
1.2903e-06
1.29513e-06
1.29995e-06
1.30476e-06
1.30956e-06
1.31435e-06
1.31913e-06
1.32391e-06
1.32867e-06
1.33343e-06
1.33818e-06
1.34292e-06
1.34765e-06
1.35238e-06
1.3571e-06
1.36181e-06
1.36651e-06
1.3712e-06
1.37589e-06
1.38057e-06
1.38524e-06
1.3899e-06
1.39455e-06
1.3992e-06
1.40384e-06
1.40847e-06
1.4131e-06
1.41772e-06
1.42233e-06
1.42693e-06
1.43153e-06
1.43612e-06
1.4407e-06
1.44528e-06
1.44985e-06
1.45441e-06
1.45896e-06
1.46351e-06
1.46805e-06
1.47259e-06
1.47712e-06
1.48164e-06
1.48615e-06
1.49066e-06
1.49516e-06
