0
0
2.08802e-15
1.31768e-07
4.79276e-05
0.000622061
0.00237378
0.00522559
0.00862364
0.0120289
0.0151117
0.0177506
0.019966
0.0218451
0.0234814
0.0249437
0.0262757
0.0275061
0.0286549
0.0297366
0.0307623
0.0317403
0.0326773
0.0335786
0.0344484
0.0352903
0.0361073
0.0369017
0.0376758
0.0384314
0.03917
0.039893
0.0406016
0.0412969
0.0419799
0.0426513
0.0433119
0.0439625
0.0446036
0.0452358
0.0458596
0.0464755
0.0470838
0.0476851
0.0482795
0.0488676
0.0494495
0.0500256
0.050596
0.0511612
0.0517212
0.0522763
0.0528267
0.0533726
0.0539141
0.0544514
0.0549847
0.0555141
0.0560397
0.0565617
0.0570801
0.0575952
0.0581069
0.0586154
0.0591208
0.0596232
0.0601227
0.0606193
0.0611132
0.0616043
0.0620928
0.0625788
0.0630623
0.0635433
0.0640219
0.0644983
0.0649723
0.0654442
0.0659138
0.0663814
0.0668469
0.0673103
0.0677718
0.0682313
0.0686889
0.0691447
0.0695986
0.0700507
0.070501
0.0709496
0.0713965
0.0718417
0.0722853
0.0727272
0.0731676
0.0736064
0.0740437
0.0744794
0.0749137
0.0753465
0.0757778
0.0762078
0.0766363
0.0770635
0.0774893
0.0779137
0.0783369
0.0787587
0.0791792
0.0795985
0.0800166
0.0804334
0.0808489
0.0812633
0.0816765
0.0820885
0.0824994
0.0829091
0.0833177
0.0837252
0.0841316
0.0845369
0.0849411
0.0853443
0.0857464
0.0861474
0.0865475
0.0869465
0.0873445
0.0877415
0.0881376
0.0885326
0.0889267
0.0893199
0.0897121
0.0901034
0.0904937
0.0908831
0.0912717
0.0916593
0.092046
0.0924319
0.0928169
0.093201
0.0935843
0.0939667
0.0943483
0.094729
0.095109
0.0954881
0.0958664
0.0962439
0.0966206
0.0969965
0.0973716
0.097746
0.0981196
0.0984924
0.0988645
0.0992358
0.0996064
0.0999762
0.100345
0.100714
0.101081
0.101448
0.101815
0.10218
0.102545
0.102909
0.103273
0.103635
0.103998
0.104359
0.10472
0.10508
0.105439
0.105798
0.106156
0.106514
0.106871
0.107227
0.107583
0.107938
0.108292
0.108646
0.108999
0.109352
0.109704
0.110055
0.110406
0.110756
0.111106
0.111455
0.111803
0.112151
0.112498
0.112845
0.113191
0.113537
0.113882
