0
0
2.20128e-15
1.38915e-07
5.05216e-05
0.000653787
0.00247792
0.00542172
0.00890768
0.0123835
0.0155166
0.0181883
0.0204246
0.0223179
0.0239656
0.0254383
0.0267806
0.0280216
0.0291814
0.0302747
0.0313124
0.0323029
0.0332526
0.034167
0.0350501
0.0359056
0.0367363
0.0375446
0.0383328
0.0391025
0.0398554
0.0405928
0.0413159
0.0420258
0.0427233
0.0434094
0.0440848
0.0447502
0.0454062
0.0460533
0.0466921
0.0473229
0.0479463
0.0485626
0.0491721
0.0497753
0.0503723
0.0509635
0.0515492
0.0521294
0.0527046
0.0532749
0.0538405
0.0544016
0.0549582
0.0555107
0.0560592
0.0566037
0.0571445
0.0576816
0.0582152
0.0587453
0.0592721
0.0597957
0.0603162
0.0608337
0.0613482
0.0618598
0.0623686
0.0628747
0.0633782
0.0638791
0.0643774
0.0648733
0.0653668
0.0658579
0.0663468
0.0668334
0.0673178
0.0678001
0.0682802
0.0687583
0.0692344
0.0697085
0.0701807
0.070651
0.0711194
0.0715859
0.0720507
0.0725137
0.072975
0.0734345
0.0738924
0.0743486
0.0748033
0.0752563
0.0757077
0.0761576
0.076606
0.0770529
0.0774983
0.0779423
0.0783848
0.0788259
0.0792657
0.079704
0.080141
0.0805767
0.081011
0.0814441
0.0818759
0.0823064
0.0827356
0.0831637
0.0835905
0.0840161
0.0844405
0.0848638
0.0852859
0.0857068
0.0861266
0.0865453
0.0869629
0.0873794
0.0877948
0.0882091
0.0886224
0.0890347
0.0894459
0.0898561
0.0902652
0.0906734
0.0910806
0.0914868
0.091892
0.0922963
0.0926996
0.0931019
0.0935034
0.0939039
0.0943034
0.0947021
0.0950999
0.0954968
0.0958928
0.0962879
0.0966822
0.0970756
0.0974682
0.0978599
0.0982508
0.0986408
0.0990301
0.0994185
0.0998061
0.100193
0.100579
0.100964
0.101349
0.101732
0.102115
0.102497
0.102879
0.103259
0.103639
0.104018
0.104397
0.104775
0.105152
0.105528
0.105903
0.106278
0.106652
0.107026
0.107399
0.107771
0.108142
0.108513
0.108883
0.109253
0.109621
0.109989
0.110357
0.110724
0.11109
0.111455
0.11182
0.112185
0.112548
0.112911
0.113274
0.113636
0.113997
0.114357
0.114717
0.115077
0.115436
0.115794
0.116152
0.116509
0.116865
