0
0
8.83792e-14
5.57732e-06
0.00202685
0.0256751
0.0913136
0.181697
0.267447
0.332095
0.372966
0.394838
0.404746
0.40884
0.410894
0.412386
0.413647
0.41475
0.41573
0.416614
0.41742
0.418163
0.418852
0.419496
0.420102
0.420675
0.421219
0.421738
0.422235
0.422712
0.423172
0.423617
0.424047
0.424465
0.424872
0.425269
0.425657
0.426036
0.426408
0.426773
0.427131
0.427484
0.427832
0.428175
0.428514
0.428849
0.42918
0.429508
0.429834
0.430156
0.430476
0.430794
0.431109
0.431423
0.431735
0.432046
0.432355
0.432664
0.432971
0.433277
0.433582
0.433887
0.434191
0.434494
0.434797
0.4351
0.435402
0.435704
0.436006
0.436308
0.436609
0.436911
0.437213
0.437514
0.437816
0.438118
0.438421
0.438723
0.439026
0.439329
0.439632
0.439936
0.44024
0.440545
0.44085
0.441155
0.441461
0.441767
0.442074
0.442381
0.442689
0.442997
0.443306
0.443616
0.443926
0.444236
0.444547
0.444859
0.445171
0.445484
0.445798
0.446112
0.446427
0.446742
0.447058
0.447375
0.447692
0.44801
0.448329
0.448648
0.448968
0.449289
0.44961
0.449932
0.450254
0.450577
0.450901
0.451225
0.451551
0.451876
0.452203
0.45253
0.452857
0.453186
0.453515
0.453844
0.454174
0.454505
0.454837
0.455169
0.455502
0.455835
0.456169
0.456504
0.456839
0.457175
0.457511
0.457848
0.458186
0.458524
0.458863
0.459202
0.459542
0.459883
0.460224
0.460566
0.460909
0.461252
0.461595
0.461939
0.462284
0.462629
0.462975
0.463321
0.463668
0.464016
0.464364
0.464712
0.465061
0.465411
0.465761
0.466112
0.466463
0.466814
0.467167
0.467519
0.467872
0.468226
0.46858
0.468935
0.46929
0.469646
0.470002
0.470359
0.470716
0.471073
0.471431
0.47179
0.472149
0.472508
0.472868
0.473228
0.473589
0.47395
0.474312
0.474674
0.475036
0.475399
0.475762
0.476126
0.47649
0.476855
0.47722
0.477585
0.477951
0.478317
0.478683
0.47905
0.479418
0.479785
0.480153
