0
0
4.44441e-14
2.80472e-06
0.00101927
0.0129143
0.0459548
0.0914967
0.134754
0.16741
0.188086
0.199164
0.204181
0.206237
0.207245
0.207958
0.208552
0.209067
0.209526
0.209943
0.210328
0.210687
0.211026
0.211349
0.211657
0.211954
0.21224
0.212518
0.212788
0.213051
0.213308
0.213559
0.213805
0.214047
0.214284
0.214518
0.214748
0.214975
0.215198
0.215419
0.215637
0.215853
0.216066
0.216277
0.216486
0.216693
0.216898
0.217102
0.217304
0.217504
0.217704
0.217901
0.218098
0.218294
0.218488
0.218681
0.218873
0.219065
0.219255
0.219445
0.219634
0.219822
0.220009
0.220196
0.220382
0.220568
0.220753
0.220937
0.221121
0.221304
0.221487
0.22167
0.221852
0.222034
0.222215
0.222396
0.222577
0.222757
0.222938
0.223117
0.223297
0.223476
0.223656
0.223834
0.224013
0.224191
0.22437
0.224548
0.224727
0.224903
0.225082
0.225258
0.225437
0.225613
0.225792
0.225967
0.226147
0.226321
0.226501
0.226674
0.226855
0.227027
0.227209
0.22738
0.227562
0.227733
0.227916
0.228085
0.22827
0.228437
0.228625
0.228789
0.22898
0.229141
0.229336
0.229494
0.229693
0.229848
0.230053
0.230203
0.230417
0.230562
0.230786
0.230925
0.231163
0.231297
0.231554
0.231684
0.231966
0.232094
0.232413
0.232543
0.232913
0.233056
0.233502
0.233674
0.234231
0.234464
0.235189
0.235535
0.236514
0.237064
0.238433
0.239334
0.241308
0.2428
0.245709
0.248177
0.252526
0.256563
0.263101
0.269587
0.279379
0.289558
0.30404
0.319562
0.34056
0.363485
0.393211
0.426004
0.467079
0.51266
0.568224
0.630123
0.704051
0.786664
0.883877
0.992813
1.11965
1.26216
1.42686
1.61233
1.82559
2.06622
2.34194
2.65356
3.00976
3.4129
3.87296
4.39424
4.98845
5.66235
6.42998
7.30122
8.29317
9.41968
10.7019
12.1588
13.8169
15.7016
17.8464
20.2853
23.0608
26.2177
29.8106
33.8982
38.5508
43.8453
49.8723
56.7322
64.542
