0
0
4.23862e-20
2.67485e-12
9.72663e-10
1.25345e-08
4.68733e-08
1.0025e-07
1.60059e-07
2.1567e-07
2.61775e-07
2.9757e-07
3.2485e-07
3.46252e-07
3.64029e-07
3.79591e-07
3.93691e-07
4.06743e-07
4.18997e-07
4.30614e-07
4.41708e-07
4.52359e-07
4.6263e-07
4.72568e-07
4.82212e-07
4.91594e-07
5.00741e-07
5.09673e-07
5.18411e-07
5.26972e-07
5.35368e-07
5.43613e-07
5.51717e-07
5.59691e-07
5.67544e-07
5.75282e-07
5.82914e-07
5.90446e-07
5.97883e-07
6.05231e-07
6.12495e-07
6.19679e-07
6.26787e-07
6.33823e-07
6.40791e-07
6.47692e-07
6.54532e-07
6.61312e-07
6.68034e-07
6.74702e-07
6.81317e-07
6.87882e-07
6.94397e-07
7.00867e-07
7.0729e-07
7.13671e-07
7.20009e-07
7.26307e-07
7.32566e-07
7.38786e-07
7.44969e-07
7.51117e-07
7.5723e-07
7.6331e-07
7.69357e-07
7.75372e-07
7.81355e-07
7.87309e-07
7.93234e-07
7.9913e-07
8.04998e-07
8.10839e-07
8.16653e-07
8.22441e-07
8.28204e-07
8.33942e-07
8.39656e-07
8.45347e-07
8.51014e-07
8.56658e-07
8.6228e-07
8.6788e-07
8.73459e-07
8.79017e-07
8.84554e-07
8.90071e-07
8.95569e-07
9.01046e-07
9.06505e-07
9.11945e-07
9.17366e-07
9.2277e-07
9.28155e-07
9.33523e-07
9.38874e-07
9.44207e-07
9.49524e-07
9.54824e-07
9.60109e-07
9.65377e-07
9.70629e-07
9.75866e-07
9.81088e-07
9.86294e-07
9.91486e-07
9.96663e-07
1.00183e-06
1.00697e-06
1.01211e-06
1.01723e-06
1.02233e-06
1.02743e-06
1.03251e-06
1.03757e-06
1.04263e-06
1.04767e-06
1.05269e-06
1.05771e-06
1.06271e-06
1.0677e-06
1.07268e-06
1.07765e-06
1.0826e-06
1.08754e-06
1.09247e-06
1.09739e-06
1.1023e-06
1.1072e-06
1.11208e-06
1.11696e-06
1.12182e-06
1.12667e-06
1.13152e-06
1.13635e-06
1.14117e-06
1.14598e-06
1.15078e-06
1.15557e-06
1.16035e-06
1.16512e-06
1.16988e-06
1.17463e-06
1.17938e-06
1.18411e-06
1.18883e-06
1.19354e-06
1.19825e-06
1.20294e-06
1.20762e-06
1.2123e-06
1.21697e-06
1.22163e-06
1.22627e-06
1.23092e-06
1.23555e-06
1.24017e-06
1.24478e-06
1.24939e-06
1.25399e-06
1.25858e-06
1.26316e-06
1.26773e-06
1.2723e-06
1.27685e-06
1.2814e-06
1.28594e-06
1.29047e-06
1.295e-06
1.29952e-06
1.30403e-06
1.30853e-06
1.31302e-06
1.31751e-06
1.32199e-06
1.32646e-06
1.33092e-06
1.33538e-06
1.33983e-06
1.34427e-06
1.34871e-06
1.35314e-06
1.35756e-06
1.36197e-06
1.36638e-06
1.37078e-06
1.37518e-06
1.37956e-06
1.38394e-06
1.38832e-06
1.39268e-06
1.39704e-06
1.4014e-06
1.40575e-06
1.41009e-06
1.41442e-06
1.41875e-06
1.42307e-06
1.42739e-06
1.43169e-06
1.436e-06
1.44029e-06
