0
0
2.86576e-15
1.80849e-07
6.58925e-05
0.000894609
0.00380638
0.00951522
0.0177985
0.027948
0.0392084
0.0509991
0.0629708
0.0749678
0.0869473
0.0989064
0.110848
0.122774
0.134686
0.146585
0.158474
0.170352
0.18222
0.194079
0.20593
0.217773
0.229609
0.241438
0.25326
0.265075
0.276884
0.288688
0.300486
0.312278
0.324065
0.335847
0.347625
0.359397
0.371165
0.382928
0.394687
0.406442
0.418193
0.42994
0.441683
0.453422
0.465157
0.476889
0.488617
0.500341
0.512062
0.52378
0.535494
0.547205
0.558913
0.570618
0.58232
0.594019
0.605714
0.617407
0.629097
0.640784
0.652468
0.66415
0.675828
0.687504
0.699178
0.710848
0.722516
0.734182
0.745845
0.757505
0.769163
0.780819
0.792472
0.804123
0.815771
0.827417
0.839061
0.850702
0.862341
0.873978
0.885612
0.897245
0.908875
0.920503
0.932129
0.943752
0.955374
0.966993
0.978611
0.990226
1.00184
1.01345
1.02506
1.03667
1.04827
1.05988
1.07148
1.08308
1.09467
1.10627
1.11786
1.12945
1.14104
1.15263
1.16422
1.1758
1.18738
1.19897
1.21054
1.22212
1.2337
1.24527
1.25684
1.26841
1.27998
1.29155
1.30311
1.31467
1.32623
1.33779
1.34935
1.36091
1.37246
1.38402
1.39557
1.40712
1.41866
1.43021
1.44175
1.4533
1.46484
1.47638
1.48792
1.49945
1.51099
1.52252
1.53405
1.54559
1.55711
1.56864
1.58017
1.59169
1.60321
1.61474
1.62626
1.63777
1.64929
1.66081
1.67232
1.68383
1.69534
1.70685
1.71836
1.72987
1.74137
1.75287
1.76438
1.77588
1.78738
1.79887
1.81037
1.82187
1.83336
1.84485
1.85634
1.86783
1.87932
1.89081
1.90229
1.91378
1.92526
1.93674
1.94822
1.9597
1.97117
1.98265
1.99412
2.0056
2.01707
2.02854
2.04001
2.05148
2.06294
2.07441
2.08587
2.09734
2.1088
2.12026
2.13171
2.14317
2.15463
2.16608
2.17754
2.18899
2.20044
2.21189
2.22334
2.23479
2.24623
