0
0
1.0168e-13
6.41669e-06
0.0023319
0.0295432
0.105104
0.209168
0.307858
0.382211
0.429165
0.454244
0.465555
0.470185
0.472476
0.474129
0.475523
0.476737
0.477815
0.478785
0.479669
0.480482
0.481236
0.48194
0.482603
0.48323
0.483825
0.484394
0.48494
0.485465
0.485971
0.486462
0.486938
0.487402
0.487855
0.488297
0.48873
0.489155
0.489573
0.489985
0.490391
0.490791
0.491187
0.491579
0.491967
0.492352
0.492734
0.493113
0.49349
0.493865
0.494238
0.49461
0.49498
0.495349
0.495717
0.496085
0.496451
0.496818
0.497184
0.497549
0.497915
0.49828
0.498646
0.499011
0.499377
0.499743
0.50011
0.500476
0.500844
0.501212
0.50158
0.501949
0.502319
0.502689
0.503061
0.503432
0.503805
0.504179
0.504553
0.504928
0.505305
0.505682
0.50606
0.506439
0.506819
0.5072
0.507582
0.507965
0.508349
0.508734
0.50912
0.509507
0.509895
0.510284
0.510675
0.511066
0.511458
0.511852
0.512246
0.512642
0.513038
0.513436
0.513835
0.514235
0.514636
0.515038
0.515441
0.515845
0.51625
0.516657
0.517064
0.517473
0.517882
0.518292
0.518704
0.519117
0.51953
0.519945
0.520361
0.520777
0.521195
0.521614
0.522034
0.522454
0.522876
0.523299
0.523723
0.524147
0.524573
0.525
0.525427
0.525856
0.526285
0.526716
0.527147
0.527579
0.528013
0.528447
0.528882
0.529318
0.529755
0.530192
0.530631
0.531071
0.531511
0.531952
0.532394
0.532837
0.533281
0.533726
0.534171
0.534618
0.535065
0.535513
0.535961
0.536411
0.536861
0.537312
0.537764
0.538217
0.53867
0.539125
0.53958
0.540035
0.540492
0.540949
0.541407
0.541865
0.542325
0.542785
0.543246
0.543707
0.544169
0.544632
0.545095
0.54556
0.546024
0.54649
0.546956
0.547423
0.54789
0.548358
0.548827
0.549296
0.549766
0.550237
0.550708
0.55118
0.551652
0.552125
0.552599
0.553073
0.553547
0.554023
0.554498
0.554975
0.555452
0.555929
0.556407
0.556886
0.557365
