0
0
8.60611e-15
5.43103e-07
0.000197641
0.00260016
0.0102534
0.0233873
0.0398228
0.0570327
0.0732256
0.0875357
0.0998196
0.110342
0.119483
0.127564
0.134812
0.141386
0.147407
0.152965
0.158132
0.162966
0.167513
0.17181
0.175889
0.179776
0.183494
0.18706
0.190492
0.193802
0.197003
0.200104
0.203115
0.206044
0.208898
0.211682
0.214402
0.217063
0.219669
0.222225
0.224733
0.227198
0.229621
0.232005
0.234353
0.236667
0.238949
0.241201
0.243424
0.245619
0.247789
0.249935
0.252058
0.254158
0.256238
0.258297
0.260337
0.262359
0.264363
0.266351
0.268322
0.270278
0.27222
0.274147
0.27606
0.27796
0.279847
0.281721
0.283584
0.285436
0.287276
0.289105
0.290924
0.292733
0.294533
0.296322
0.298103
0.299874
0.301637
0.303391
0.305137
0.306875
0.308605
0.310328
0.312043
0.313751
0.315451
0.317145
0.318832
0.320513
0.322187
0.323854
0.325516
0.327171
0.32882
0.330464
0.332102
0.333734
0.335361
0.336982
0.338598
0.340209
0.341815
0.343416
0.345012
0.346603
0.348189
0.34977
0.351347
0.35292
0.354488
0.356051
0.35761
0.359165
0.360716
0.362262
0.363804
0.365343
0.366877
0.368407
0.369934
0.371456
0.372975
0.37449
0.376002
0.377509
0.379013
0.380514
0.382011
0.383504
0.384994
0.386481
0.387964
0.389444
0.390921
0.392394
0.393864
0.395331
0.396794
0.398255
0.399712
0.401167
0.402618
0.404066
0.405511
0.406954
0.408393
0.409829
0.411263
0.412693
0.414121
0.415546
0.416968
0.418387
0.419804
0.421218
0.422629
0.424037
0.425443
0.426846
0.428246
0.429644
0.431039
0.432432
0.433822
0.43521
0.436595
0.437977
0.439357
0.440735
0.44211
0.443483
0.444853
0.446221
0.447587
0.44895
0.45031
0.451669
0.453025
0.454379
0.45573
0.457079
0.458426
0.459771
0.461113
0.462454
0.463792
0.465127
0.466461
0.467792
0.469122
0.470449
0.471774
0.473097
0.474417
0.475736
0.477052
0.478367
0.479679
0.480989
0.482298
