0
0
3.96693e-14
2.5034e-06
0.000909801
0.0115395
0.0411685
0.0821195
0.121056
0.150469
0.169079
0.17903
0.1835
0.185294
0.186144
0.186731
0.187235
0.187654
0.188079
0.188395
0.188829
0.189006
0.189602
0.18949
0.190753
0.190205
0.194796
0.19727
0.224491
0.273301
0.428977
0.717233
1.31783
2.41318
4.50082
8.36574
15.6216
29.1565
54.5166
101.986
190.996
357.952
671.431
1260.39
2367.78
4451.35
8374.31
15765.2
29698.8
55982.8
105594
199289
376341
711091
1.34433e+06
2.54284e+06
4.81235e+06
9.11199e+06
1.72616e+07
3.27158e+07
6.20347e+07
1.17681e+08
2.23342e+08
4.24054e+08
8.05473e+08
1.53059e+09
2.90963e+09
5.53329e+09
1.05267e+10
2.00338e+10
3.81408e+10
7.26385e+10
1.38386e+11
2.63733e+11
5.02779e+11
9.58801e+11
1.82901e+12
3.49007e+12
6.66166e+12
1.27191e+13
2.42916e+13
4.64062e+13
8.86777e+13
1.695e+14
3.24069e+14
6.19752e+14
1.18551e+15
2.26831e+15
4.34115e+15
8.31015e+15
1.59116e+16
3.04732e+16
5.8374e+16
1.11845e+17
2.14342e+17
4.10856e+17
7.87703e+17
1.51051e+18
2.89716e+18
5.55786e+18
1.06642e+19
2.04658e+19
3.92836e+19
7.54179e+19
1.44816e+20
2.78123e+20
5.34236e+20
1.02637e+21
1.9722e+21
3.79026e+21
7.28551e+21
1.40062e+22
2.6931e+22
5.17908e+22
9.96141e+22
1.91627e+23
3.68686e+23
7.09452e+23
1.36538e+24
2.62813e+24
5.05945e+24
9.7414e+24
1.87586e+25
3.61276e+25
6.95886e+25
1.34059e+26
2.58292e+26
4.97718e+26
9.59209e+26
1.84884e+27
3.56401e+27
6.87123e+27
1.3249e+28
2.55498e+28
4.92768e+28
9.50497e+28
1.83363e+29
3.53771e+29
6.82627e+29
1.31733e+30
2.54247e+30
4.90757e+30
9.47383e+30
1.82908e+31
3.53173e+31
6.82007e+31
1.31715e+32
2.54408e+32
4.91441e+32
9.49416e+32
1.83437e+33
3.54455e+33
6.84983e+33
1.32386e+34
2.55886e+34
4.94646e+34
9.5628e+34
1.84892e+35
3.57512e+35
6.91362e+35
1.33709e+36
2.58617e+36
5.00256e+36
9.67761e+36
1.87233e+37
3.62273e+37
7.01017e+37
1.35662e+38
2.62559e+38
5.08198e+38
9.8373e+38
1.90439e+39
3.68699e+39
7.13879e+39
1.38233e+40
2.67693e+40
5.18436e+40
1.00413e+41
1.94499e+41
3.76773e+41
7.29921e+41
1.41418e+42
2.74012e+42
5.30964e+42
1.02895e+43
1.99414e+43
3.86499e+43
7.49158e+43
1.45221e+44
2.81525e+44
5.45803e+44
1.05824e+45
2.05194e+45
3.979e+45
7.71637e+45
1.49652e+46
2.90255e+46
5.62996e+46
1.0921e+47
2.11858e+47
4.11013e+47
