0
0
9.61942e-14
6.0705e-06
0.00220607
0.0279445
0.0993758
0.197712
0.290975
0.361253
0.405654
0.429388
0.440115
0.444526
0.446727
0.448321
0.449667
0.450842
0.451886
0.452825
0.453681
0.454468
0.455197
0.455878
0.456517
0.457122
0.457695
0.458242
0.458765
0.459267
0.459752
0.460219
0.460672
0.461113
0.461541
0.461959
0.462367
0.462767
0.463159
0.463544
0.463923
0.464296
0.464664
0.465027
0.465386
0.465741
0.466092
0.46644
0.466786
0.467129
0.467469
0.467808
0.468145
0.46848
0.468813
0.469145
0.469476
0.469806
0.470135
0.470464
0.470792
0.471119
0.471446
0.471772
0.472098
0.472424
0.47275
0.473076
0.473402
0.473728
0.474054
0.474381
0.474707
0.475034
0.475362
0.475689
0.476017
0.476346
0.476675
0.477004
0.477334
0.477665
0.477996
0.478328
0.47866
0.478993
0.479327
0.479661
0.479996
0.480332
0.480669
0.481006
0.481344
0.481682
0.482022
0.482362
0.482703
0.483045
0.483387
0.483731
0.484075
0.48442
0.484765
0.485112
0.485459
0.485807
0.486156
0.486506
0.486857
0.487208
0.48756
0.487913
0.488267
0.488622
0.488977
0.489334
0.489691
0.490049
0.490407
0.490767
0.491127
0.491488
0.49185
0.492213
0.492576
0.492941
0.493306
0.493672
0.494038
0.494406
0.494774
0.495143
0.495513
0.495883
0.496254
0.496626
0.496999
0.497373
0.497747
0.498122
0.498498
0.498874
0.499251
0.499629
0.500008
0.500387
0.500767
0.501148
0.501529
0.501912
0.502294
0.502678
0.503062
0.503447
0.503832
0.504219
0.504606
0.504993
0.505381
0.50577
0.506159
0.50655
0.50694
0.507332
0.507724
0.508116
0.508509
0.508903
0.509298
0.509693
0.510088
0.510484
0.510881
0.511279
0.511677
0.512075
0.512474
0.512874
0.513274
0.513675
0.514076
0.514478
0.51488
0.515283
0.515687
0.51609
0.516495
0.5169
0.517305
0.517711
0.518118
0.518525
0.518932
0.51934
0.519749
0.520158
0.520567
0.520977
0.521388
0.521798
0.52221
