0
0
6.43185e-16
4.05893e-08
1.47887e-05
0.00020076
0.000853972
0.00213418
0.00399111
0.00626572
0.00878862
0.0114297
0.0141108
0.016797
0.0194789
0.022156
0.0248287
0.0274978
0.0301636
0.0328264
0.0354865
0.0381442
0.0407995
0.0434528
0.046104
0.0487535
0.0514011
0.0540471
0.0566916
0.0593345
0.061976
0.0646162
0.0672551
0.0698927
0.0725291
0.0751643
0.0777984
0.0804314
0.0830634
0.0856944
0.0883244
0.0909534
0.0935815
0.0962087
0.0988351
0.101461
0.104085
0.106709
0.109332
0.111954
0.114576
0.117196
0.119816
0.122436
0.125054
0.127672
0.130289
0.132906
0.135522
0.138137
0.140752
0.143366
0.145979
0.148592
0.151204
0.153816
0.156427
0.159037
0.161647
0.164256
0.166865
0.169474
0.172081
0.174689
0.177295
0.179902
0.182507
0.185113
0.187717
0.190322
0.192925
0.195529
0.198131
0.200734
0.203336
0.205937
0.208538
0.211139
0.213739
0.216339
0.218938
0.221537
0.224135
0.226733
0.229331
0.231928
0.234524
0.237121
0.239717
0.242312
0.244907
0.247502
0.250097
0.252691
0.255284
0.257877
0.26047
0.263063
0.265655
0.268247
0.270838
0.273429
0.27602
0.27861
0.2812
0.28379
0.286379
0.288968
0.291556
0.294144
0.296732
0.29932
0.301907
0.304494
0.307081
0.309667
0.312253
0.314838
0.317423
0.320008
0.322593
0.325177
0.327761
0.330345
0.332928
0.335511
0.338094
0.340676
0.343259
0.34584
0.348422
0.351003
0.353584
0.356165
0.358745
0.361325
0.363905
0.366484
0.369063
0.371642
0.374221
0.376799
0.379377
0.381955
0.384533
0.38711
0.389687
0.392263
0.39484
0.397416
0.399992
0.402567
0.405142
0.407717
0.410292
0.412867
0.415441
0.418015
0.420589
0.423162
0.425735
0.428308
0.430881
0.433453
0.436025
0.438597
0.441169
0.44374
0.446311
0.448882
0.451453
0.454023
0.456593
0.459163
0.461733
0.464302
0.466872
0.469441
0.472009
0.474578
0.477146
0.479714
0.482282
0.484849
0.487416
0.489983
0.49255
0.495117
0.497683
0.500249
0.502815
