0
0
2.6644e-16
1.68142e-08
6.11445e-06
7.89102e-05
0.000297114
0.000645914
0.0010562
0.00146376
0.00183084
0.00214455
0.00240845
0.00263344
0.00283072
0.00300827
0.00317107
0.00332232
0.00346426
0.00359852
0.0037263
0.00384854
0.00396599
0.00407924
0.00418876
0.00429497
0.0043982
0.00449873
0.00459682
0.00469266
0.00478645
0.00487834
0.00496848
0.005057
0.005144
0.00522959
0.00531386
0.00539689
0.00547875
0.00555952
0.00563924
0.00571799
0.0057958
0.00587273
0.00594882
0.0060241
0.00609863
0.00617242
0.00624552
0.00631795
0.00638973
0.00646091
0.00653149
0.0066015
0.00667097
0.0067399
0.00680833
0.00687626
0.00694372
0.00701072
0.00707728
0.0071434
0.0072091
0.0072744
0.0073393
0.00740382
0.00746797
0.00753176
0.00759519
0.00765828
0.00772104
0.00778347
0.00784558
0.00790738
0.00796887
0.00803007
0.00809099
0.00815161
0.00821196
0.00827204
0.00833186
0.00839141
0.00845072
0.00850977
0.00856857
0.00862714
0.00868547
0.00874357
0.00880145
0.0088591
0.00891654
0.00897375
0.00903076
0.00908756
0.00914416
0.00920056
0.00925676
0.00931277
0.00936858
0.00942421
0.00947965
0.00953491
0.00958999
0.0096449
0.00969962
0.00975418
0.00980857
0.00986279
0.00991685
0.00997075
0.0100245
0.0100781
0.0101315
0.0101847
0.0102379
0.0102908
0.0103436
0.0103963
0.0104488
0.0105012
0.0105535
0.0106056
0.0106576
0.0107094
0.0107611
0.0108126
0.0108641
0.0109154
0.0109666
0.0110176
0.0110685
0.0111193
0.01117
0.0112206
0.011271
0.0113213
0.0113715
0.0114216
0.0114716
0.0115214
0.0115712
0.0116208
0.0116703
0.0117197
0.011769
0.0118182
0.0118673
0.0119163
0.0119652
0.012014
0.0120626
0.0121112
0.0121597
0.012208
0.0122563
0.0123045
0.0123526
0.0124005
0.0124484
0.0124962
0.0125439
0.0125915
0.012639
0.0126865
0.0127338
0.012781
0.0128282
0.0128753
0.0129222
0.0129691
0.0130159
0.0130627
0.0131093
0.0131558
0.0132023
0.0132487
0.013295
0.0133412
0.0133874
0.0134334
0.0134794
0.0135253
0.0135711
0.0136169
0.0136625
0.0137081
0.0137537
0.0137991
0.0138445
0.0138898
0.013935
0.0139801
0.0140252
0.0140702
0.0141151
0.01416
0.0142048
0.0142495
0.0142941
0.0143387
0.0143832
